Spins Simulated:	100000
Sample Rate:	1000.0
Sample Size:	1000
Read Time:	1.0
Diffusion (cm^2/sec):	1.0
X-Gradient (G/cm):	0.001
Y-Gradient (G/cm):	0.001
Z-Gradient (G/cm):	0.001
f0 (Hz):	250
Data Start:
0.0
0.9996737026257583
-0.0472745363352264
-0.9970683915090224
0.09439921450013526
0.9918722599997511
-0.14122216943775023
-0.9841114793562218
0.18757181118704028
0.9738244263647534
-0.23329471506660865
-0.96105420554151
0.27825276603901156
0.9458577346911807
-0.32230638567927283
-0.9282993498339716
0.3652986486733379
0.9084502218928966
-0.40712023043534584
-0.8863823241436037
0.4476406062205631
0.8621859586893093
-0.48673737895702746
-0.8359533937646992
0.5242997386121726
0.8077910980185091
-0.560209014119927
-0.7778000728392132
0.5943747850857911
0.7460936249950691
-0.6267025505617803
-0.7127842032105354
0.6571034746978228
0.6779986212962228
-0.6854977254185576
-0.6418610681250664
0.7118198807631464
0.6045011311919389
-0.7360134134040175
-0.5660558231306779
0.7580201201181876
0.5266507550285825
-0.7778206745626197
-0.4864167910495598
0.7953736344189437
0.44548961647318985
-0.8106557084488641
-0.40400352725095157
0.8236422004418206
0.36211048243847155
-0.8343306576475601
-0.3199299956686643
0.8427233186214377
0.2775993728108852
-0.8488264093357971
-0.2352657794888475
0.8526586939348288
0.1930576487621771
-0.854249164209806
-0.1510849600997762
0.8536268160989062
0.10947976031639842
-0.8508244361266338
-0.06834678951084507
0.8458939059489816
0.027813054064810928
-0.8388877857233994
0.012004014060201233
0.8298580801281001
-0.050991415585629585
-0.8188773253618394
0.08904966893126909
0.8060101075866551
-0.1260723530010286
-0.7913299984984079
0.1619765930098852
0.774920979896406
-0.19668020075949716
-0.7568705194537177
0.230094752410377
0.7372726913173547
-0.262152842519309
-0.7162120704237223
0.2927765064873426
0.6937880671881905
-0.32190676229162796
-0.6700962540776257
0.3494870891314328
0.645243587140509
-0.3754702676354614
-0.6193262585609363
0.39980929292712875
0.5924518161631332
-0.4224767503072896
-0.5647223470046309
0.44343657938412373
0.5362424743386789
-0.46266811855990314
-0.5071087226684359
0.4801614413586296
0.477434371821112
-0.4959015533474604
-0.4473197905931051
0.5098881674821342
0.41688104723284336
-0.5221139140623672
-0.3862086715811588
0.5325847923091186
0.3554106541877147
-0.5413269294512233
-0.3245848307824732
0.5483731936396621
0.2938183072961814
-0.5537442827073717
-0.26320024827058114
0.5574636533886821
0.23282324572740498
-0.5595638437728553
-0.2027721325418924
0.560087822079679
0.17312948729273678
-0.5590835194091686
-0.14398978974589574
0.556583603830479
0.11543030197176764
-0.552662265083667
-0.08750825704348887
0.5473688221038193
0.06029052814947678
-0.5407536858685216
-0.03383618475132326
0.5328816784809604
0.00821284378593182
-0.523815502448418
0.016529331671771175
0.5136374096123909
-0.04035478819604143
-0.5024099254970236
0.06321093868675944
0.4901924574204034
-0.08505664015963688
-0.47705707078833204
0.1058702709635793
0.4630821588288384
-0.12561534412422193
-0.448332598084758
0.14427808349439497
0.4328884952775042
-0.16182853205220085
-0.4168138341478399
0.17825191724451392
0.40017857870157
-0.19352994490654551
-0.3830506763613377
0.2076439698134938
0.36551880914083923
-0.220599126812016
-0.3476461599178994
0.23238752542607372
0.329501813616572
-0.24301198489985976
-0.3111529451444205
0.2524936314124476
0.2926632774600356
-0.26084933252472076
-0.2741024826204413
0.26809565923737444
0.2555387722832889
-0.2742490690487447
-0.23702680537267767
0.2793303155185775
0.21862222338345885
-0.28336634354110035
-0.20037380171241312
0.2863790980174296
0.18234781393360702
-0.2884039109935653
-0.16459760373662657
0.2894812919890028
0.14716033473299003
-0.28963761535460286
-0.13007227062821883
0.28890550937353593
0.11339113352667865
-0.2873216403528075
-0.0971475087558801
0.2849324386541288
0.08138590055531746
-0.28178399447294095
-0.06614043310886006
0.2779168423346256
0.051437425071648675
-0.2733877848937577
-0.03730566979340687
0.2682336074949686
0.023759653196191645
-0.26249839066766945
-0.010827719912574113
0.25622806671564236
-0.0014809124339978574
-0.24945785724030825
0.013163716062593318
0.24224492436844916
-0.024194784629364474
-0.23463134648408734
0.03456302848309565
0.2266712886041908
-0.04425667345601435
-0.21841883527322245
0.05328234524256085
0.2098935949878333
-0.061645341035674005
-0.20116030485354763
0.06934779491238503
0.19225704682305053
-0.07639825084554625
-0.183219934283386
0.08279972743340566
0.17408261805592765
-0.088553360778903
-0.16489123079607562
0.09368217177055185
0.15567910497732484
-0.09820363826431083
-0.14647428995371214
0.1021178757364237
0.13730805735924823
-0.10545719340168665
-0.12822573541884139
0.10822918617787743
0.11923916969514452
-0.11045800979906394
-0.11038390582208846
0.11215198107899377
0.10169164471411654
-0.11334584282450591
-0.09318791466145784
0.11405654408155937
0.08488941873178771
-0.11431907836117638
-0.07681033865367305
0.11415139360488473
0.06897232513179513
-0.11357933997597058
-0.06139422468983733
0.11263516753805167
0.05408730067995403
-0.11134246831416297
-0.04707040528640371
0.10971665640847235
0.040344505635598576
-0.10778777925207839
-0.03391805889964869
0.10558476983001029
0.027810004243838383
-0.10313867151278347
-0.0220065721284301
0.10045767086012837
0.016525309967138305
-0.09757497854755962
-0.011378431473898842
0.09451399723109175
0.006560697637770862
-0.09130824247827178
-0.002060662988317729
0.08797033395600352
-0.00212020868355439
-0.08452556464299504
0.005978516651636298
0.08098241775097742
-0.009513774287370458
-0.07736363222571173
0.012733608635113842
0.07369457556779949
-0.015653061252311157
-0.0699873744131101
0.0182716892966594
0.06627307946944963
-0.02058830647799075
-0.06257557644114828
0.022615869021010714
0.05890530598353098
-0.024376298505951778
-0.05526685055151403
0.025874694433027538
0.05167601046129284
-0.027121691977097736
-0.048146196099777404
0.02813249668165614
0.04469403787914062
-0.028913312587937945
-0.04132662647074538
0.029477338581244905
0.0380641117642007
-0.02983430805121487
-0.03490594575517882
0.030018723245736713
0.031863175598454474
-0.030034027793840252
-0.028928263523428876
0.029887160442841343
0.02611076209368387
-0.029594412117153055
-0.023418068967289644
0.029167201007139574
0.02086470368630633
-0.028611960005194274
-0.018440540574307173
0.027945518388914122
0.016147702203096723
-0.027176811912725654
-0.013989094599519837
0.02631517889540782
0.01197207638051218
-0.025374427808159274
-0.01010221069117025
0.024362598923226807
0.008374755319366949
-0.023299205486730885
-0.006782749972460682
0.0221903310681801
0.005329849797303988
-0.021042340342185013
-0.004026808895878575
0.019879228168570212
0.002858670876262691
-0.0186901189742792
-0.0018149380434471585
0.01750067059020359
0.0009071759284136354
-0.016319085013838865
-0.0001150413487476339
0.015144866671909025
-0.0005671357693630175
-0.013981217682970774
0.0011533321951222328
0.01283009177455312
-0.0016431095838304872
-0.011715631304043485
0.0020329802344734578
0.010642320656420014
-0.0023309543697435644
-0.00959627563124933
0.002535078643529937
0.008589470166984171
-0.0026641957827846312
-0.007632147005967535
0.0027048708428296635
0.006731405120726612
-0.0026984851215072813
-0.005883477671657142
0.0026506535716860095
0.0050937030758944745
-0.0025542837290828766
-0.004363723075103194
0.0024174815727771633
0.003694154292018889
-0.0022482906365884677
-0.0030714292861707174
0.002049593157097685
0.0025019682088788155
-0.0018312316983905232
-0.0019878083903904376
0.0015764522162165506
0.0015269554225229621
-0.0013050356543499377
-0.0011253371166477081
0.001018195188932268
0.0007772536367069307
-0.0007158519494040993
-0.00047450995345897905
0.0004006267121434913
0.00022241209073039345
-8.346404727508528e-05
-1.1079570704657405e-05
-0.00022490241288589314
-0.0001621865781679976
0.0005313495082110371
0.00029983050502274726
-0.0008254619783449555
-0.00039090903217975213
0.0011125768421720254
0.0004513607305584682
-0.0013918055417300426
-0.000479011695871855
0.0016485923898883884
0.00048548430728442084
-0.001880633951283513
-0.0004684160623049773
0.0020860932357585236
0.00043465263112792493
-0.0022692551853932016
-0.0003687762122572256
0.0024271907066875315
0.00028071704028389643
-0.0025683238825042376
-0.00017613737609417567
0.0026881262929768037
6.197718266653723e-05
-0.002771604928338672
6.701475347087805e-05
0.0028283879035233767
-0.00020991458573469058
-0.002856240001468349
0.000354912291849911
0.002863676823702307
-0.0005031428043356029
-0.002857216133790236
0.0006548555256341888
0.0028409742763958316
-0.0008018802970304273
-0.0028070146936642975
0.000946111017811836
0.002756591396685024
-0.0010708280808597538
-0.0026860282352496917
0.0011932292568115094
0.002607341684201533
-0.001307421685459826
-0.00252147234808891
0.0014083545740290187
0.0024343536901981406
-0.0014868653594643435
-0.002339610053621572
0.0015466198932326588
0.0022423933808571744
-0.0015999649759264737
-0.0021439101358765467
0.001640047851934334
0.002046100350393278
-0.0016770580082953147
-0.0019336039608659078
0.0017175131937575536
0.0018216197664790961
-0.0017522601471337213
-0.0017093986325444675
0.0017621451945807431
0.0015832163317987683
-0.001755245648611505
-0.0014539960036008964
0.0017394572057009463
0.0013255243773257462
-0.0017113304507284793
-0.001207336258153919
0.0016728464637199166
0.0010924233781250499
-0.0016273882174617424
-0.0009773415355992202
0.0015654225257267366
0.0008668806393166399
-0.0014875842693791697
-0.0007686673723740219
0.0013970666042058722
0.0006856051273389143
-0.0013111398511150081
-0.0006209188929834825
0.001215903941526706
0.0005699512353605685
-0.0011109690941789334
-0.0005292721411938974
0.0009972003539299933
0.0004969433837753301
-0.0008690594096484911
-0.0004655351180840137
0.0007358120778177654
0.00044234331980174286
-0.0005931176111592433
-0.00043005178815861767
0.0004400329696027368
0.00043521143760274003
-0.00027504071845155817
-0.0004596046720380462
0.00010305702343957545
0.0004828779755546241
6.391408837523765e-05
-0.0005208011807111509
-0.00022373997560962635
0.0005751128427041017
0.000385059176736538
-0.0006437828426674942
-0.0005391296268835657
0.0007104616782930182
0.000683650160386494
-0.0007916844243220792
-0.0008136811362704007
0.000872045544644945
0.0009359964458008026
-0.0009660257188664475
-0.001046043891319025
0.0010706417600425682
0.0011542772743687152
-0.0011825111384428401
-0.0012470156508913922
0.001293663213782843
0.0013302264826894833
-0.0014130416391809836
-0.001388646993547421
0.001539511894103354
0.0014278056606979003
-0.001676965678361009
-0.0014564185739242758
0.0018196586510792203
0.0014726049355797723
-0.0019666941357749878
-0.0014732713354415373
0.002115009781395791
0.0014534306455477564
-0.002271575594757778
-0.0014170190585582546
0.0024291786536691663
0.0013760036368095187
-0.002590629916107511
-0.0013224886429938439
0.002757122529675702
0.0012543246473576703
-0.002913740144805131
-0.0011790563541475404
0.0030603187017754024
0.0011016758375825752
-0.0032142120801359805
-0.0010185278667399036
0.0033583873327433095
0.0009249518107220702
-0.003497925419394676
-0.0008162650187428993
0.0036239694239011654
0.0006877666379959665
-0.00374640349189153
-0.0005407013090745065
0.0038779953369003552
0.0003766536286249032
-0.003994404375751565
-0.00020669957188537583
0.004105923675391227
3.493811606701796e-05
-0.004211973565757967
0.00013961759105514778
0.004305108771148433
-0.0003249018318188413
-0.004387044240356378
0.0005124579064066354
0.004457392097155284
-0.0007006748879731013
-0.004520274735028787
0.0009055919056535334
0.0045764217355300256
-0.0011196037883852944
-0.004621964502803099
0.0013403114059361248
0.004648505107845223
-0.001561888995267428
-0.004663874754391515
0.0017908358696590088
0.004662309938370373
-0.0020160727079662866
-0.004641057568752235
0.002241872075648467
0.004595405158371176
-0.0024661662626034846
-0.004536440871105878
0.002679146917548579
0.004464507476830276
-0.0028844194839860618
-0.004381461693423354
0.0030851459977148583
0.004284360546099928
-0.003288130338629971
-0.004169886585077659
0.003495724132996849
0.004033500325001119
-0.0036970049748392287
-0.003880157716484963
0.003890725790443265
0.0037210641854194077
-0.004090815678399835
-0.003544387848843784
0.004278220420822605
0.00334794380775776
-0.0044514711382997165
-0.003150461562869809
0.004624662825035989
0.002941422057827757
-0.004790354138091364
-0.002723686521753655
0.00494626573551248
0.002492240176495717
-0.005093921564747742
-0.002248484988994255
0.005228903496177508
0.001995869015285194
-0.005352965940776275
-0.0017293653403739797
0.00547436968893468
0.001450905769161255
-0.005574821890501261
-0.0011669355100364682
0.00565403096111564
0.0008788610539968232
-0.005722973721090075
-0.0005804198255113483
0.005777251725080844
0.0002801958570363865
-0.005808626367366678
1.9383119913393272e-05
0.005822727631305822
-0.0003222111707961669
-0.0058178892089297786
0.0006264622006137228
0.005787764219095563
-0.0009309884582603336
-0.00574703433189927
0.0012350881391953498
0.005705562387601474
-0.001540144214759586
-0.005654235333588239
0.0018393356226842103
0.005595798588066586
-0.0021324503072920314
-0.005521559921936688
0.002413586585266727
0.005433422286126275
-0.0027076576708743275
-0.005323672301673164
0.0029859068335684118
0.005198941129607221
-0.003247165370092323
-0.00506358232002336
0.003498027730011955
0.004916148421117964
-0.0037438629120499244
-0.004757971853503575
0.003978621338557892
0.0045826216376469615
-0.004210644132500064
-0.004392131222856206
0.004438113988746628
0.004180630275544557
-0.004654423362476858
-0.003948632040485732
0.004859283876780982
0.0037069707770100817
-0.005041792660270064
-0.0034436500035589343
0.005198610992787752
0.003169891019548488
-0.00532760568359773
-0.0028937198105964323
0.0054259594093916804
0.002611325896729867
-0.005508985318944857
-0.0023185915398817726
0.005569744902521873
0.002023441639171677
-0.005624573019634191
-0.0017289711883117856
0.0056641869347948985
0.0014351389252553034
-0.005676350247803264
-0.0011406816293044924
0.005671099180071517
0.0008501396385796758
-0.0056486907100696615
-0.0005699326792992583
0.00560141777516489
0.0002891806496749021
-0.005540644394916728
-1.4342302561724384e-05
0.0054665979404717145
-0.00025993744608719617
-0.005378496355799111
0.0005182337375138633
0.005282740693336796
-0.0007752125558442444
-0.005167284651609845
0.0010152323171968678
0.0050522329271939555
-0.0012454604072506925
-0.0049408177751856484
0.0014696808947695576
0.004828178853068142
-0.0016797205763532112
-0.004707525921853002
0.001890571737479447
0.0045708579261821616
-0.0020957721881893873
-0.004426554978744517
0.0022749549459561836
0.004272074460507035
-0.0024470266208330197
-0.004106597028143501
0.0026100488594141434
0.00394151240829114
-0.00277432144812387
-0.0037602639184892745
0.0029171329303466728
0.0035713753092353213
-0.003058665482993378
-0.003373212664086396
0.00317313175096215
0.0031799793773463815
-0.003277016231202077
-0.002982296590617771
0.003378460433348965
0.0027878030318990547
-0.003480185294822299
-0.0025929971533372987
0.0035687517982570956
0.0023966514451936476
-0.0036488194928919852
-0.0021976973020788044
0.003704509059808589
0.002010996598447949
-0.00374970848044805
-0.0018201967513655104
0.003790727032979837
0.0016270048863040573
-0.0038184084262935865
-0.0014322540122346371
0.003842380641458698
0.0012444404073654715
-0.003849744534916323
-0.001050381855472355
0.00385137407540235
0.000854468273783463
-0.003833676222438158
-0.0006535932585844232
0.003799063947013552
0.0004618186809288509
-0.0037512340596867703
-0.0002768145269988711
0.0036886306486865928
9.728512939488047e-05
-0.003629325958711638
6.921866701486383e-05
0.003568671570785432
-0.00022992133260397055
-0.003494237993467419
0.00038992141247687297
0.003409228692225102
-0.0005353265681628794
-0.0033090393866405934
0.0006650202727065783
0.003206126433625852
-0.0007841492457412453
-0.003103355627888468
0.0008996676462273667
0.002991659646657939
-0.001010532272604085
-0.0028790466347868625
0.001116572941474039
0.0027637056869817657
-0.0012162641994099997
-0.002639207120585642
0.0013050953777370684
0.0025053016745835393
-0.001392049735535589
-0.0023707829833385084
0.0014698913415854933
0.0022371043958038864
-0.0015369348532185366
-0.0021108097382064304
0.0015945319259797832
0.001988024206616053
-0.0016460760788157133
-0.0018620500666662162
0.0016756831194071461
0.0017419852942866772
-0.0016998518894483642
-0.001624447888577637
0.0017062790670071997
0.0015106237702835251
-0.0017093213482216776
-0.0013998021831702176
0.0017075376850250721
0.0012844116407063147
-0.0016941257108288523
-0.0011681059810895622
0.0016764768986789024
0.001059156157511615
-0.0016505204808032528
-0.0009594896033807441
0.001620044321970655
0.0008604448937784202
-0.0015829976811521562
-0.0007627684635101064
0.0015426765567220283
0.0006720944875200734
-0.0015070988314464882
-0.0005802609555188006
0.0014750599238473126
0.0004947880158783476
-0.0014336926776200925
-0.00041903428986904
0.0013908788845694159
0.00034935991094970866
-0.0013415135090225302
-0.000281756709476845
0.0012757610612919973
0.00022447880441999564
-0.0011963684099205222
-0.00017017300818668587
0.0011240049690570844
0.000128866618051325
-0.0010573410222641155
-9.079048970535101e-05
0.000983846190575768
6.057346610043732e-05
-0.0009081465509713599
-4.093482957264888e-05
0.0008236998679870205
2.8509386238598763e-05
-0.00073107683952899
-1.3501789551011996e-05
0.0006355401995022048
8.813362298244692e-06
-0.0005367664538860316
-1.7637927848219593e-05
0.0004504949972392137
4.567528699824856e-05
-0.00036769239496679904
-9.49049083247992e-05
0.0002909607830791514
0.00015321602578854216
-0.00022550902292620346
-0.00021332877154840894
0.00016295746601872692
0.0002828769752328062
-0.00012094842313880359
-0.00035942459879801286
9.480752018873359e-05
0.000435575697794314
-7.98926112147203e-05
-0.000518366109883138
6.382931504258439e-05
0.0006099615557556173
-6.410852690707582e-05
-0.000720318570063493
7.540594499754387e-05
0.0008225767573251168
-9.243465093574563e-05
-0.0009105889131824004
0.00011761950917875774
0.0009850081143137478
-0.00015012125120650516
-0.0010573502938820989
0.00020772220980501592
0.0011368406940996734
-0.00028059726102368156
-0.001205655428774188
0.0003676663426359936
0.0012763190782497868
-0.0004553932112947952
-0.0013491880724449386
0.0005470262683672616
0.0014174565608265546
-0.0006465441228954902
-0.0014776811132815077
0.0007516517047588208
0.0015323108753428222
-0.0008636180097574644
-0.00157811695947926
0.0009691517508616645
0.0016092037242651405
-0.0010861115372156672
-0.0016237162572380261
0.001196885381070508
0.001625351472178553
-0.001316593706072134
-0.0016244564964892029
0.0014390671397077688
0.0016115225537957857
-0.001565033023801099
-0.0015743807689370711
0.0016949325343863337
0.0015256272217105027
-0.001823412964805566
-0.0014771454778854845
0.0019614649676302207
0.0014293340750367743
-0.002099205273119197
-0.0013714817649086695
0.002234685539764045
0.001314971569922756
-0.00235784542437303
-0.0012603485696073469
0.002494230811993217
0.0011815024662788461
-0.00261988350307839
-0.001088333714026002
0.0027424918023291603
0.000989970773439684
-0.002866858414111212
-0.0008845815752235949
0.002980853591432099
0.0007658410149061276
-0.003086379980289718
-0.0006378713657938208
0.003182710725681828
0.0005113717383763849
-0.0032699024856324885
-0.00037599209140878984
0.0033552519287253692
0.0002236693360454146
-0.003425258365124286
-6.339188318930509e-05
0.003488950284734344
-0.00010543099634503084
-0.0035457432921529976
0.00028137788019603447
0.003598245754122602
-0.00046671087727310335
-0.0036406774599081356
0.0006523920534816913
0.003660297813136858
-0.0008375545829522338
-0.0036595943716287477
0.0010187968996143977
0.0036428109631595207
-0.001190797470405394
-0.0036191257631838446
0.0013707385000065245
0.0035783784990426172
-0.0015516527431459382
-0.0035334108844706394
0.0017303384302558326
0.0034822672315737396
-0.0019028383639942462
-0.0034205757888125126
0.002060364204073886
0.003337722471489148
-0.0022050704373425493
-0.0032475464276080974
0.002346016582839906
0.003149775941321722
-0.0024793797237054153
-0.0030403350725837783
0.0026117033781452694
0.0029305995768567944
-0.002746412371828153
-0.0028128047309960973
0.002877496069845475
0.00268330391675734
-0.003001926372488692
-0.0025491913871794054
0.0031156675807889438
0.002411177227812889
-0.003232780767139308
-0.002272547624752963
0.003338437233182287
0.0021177006021690426
-0.0034423781515919814
-0.0019435133003917922
0.0035229489772221944
0.0017618810522697852
-0.003587590634280661
-0.001576426163943942
0.0036421267566085877
0.0013777030905771234
-0.003684248280631714
-0.0011747187597285433
0.0037201557769982667
0.0009692027802778689
-0.0037402016462652656
-0.0007672426627187452
0.0037353631045049848
0.0005700037751788153
-0.003715531344621259
-0.0003827497603594592
0.0036759663783441543
0.00020126546072869362
-0.003626614235580107
-3.088731494641409e-05
0.0035654646832319705
-0.0001264946667366037
-0.00349657489939728
0.0002835768193134198
0.003418788160252056
-0.0004408214113786009
-0.003331097283032617
0.0005960438511992077
0.003235514155774395
-0.0007431468708418916
-0.00312814380967498
0.000881732842273806
0.0030198296407861645
-0.0010169928968846338
-0.002899501327136854
0.0011382512023909385
0.0027736902366840175
-0.0012489736598230326
-0.002635770200694867
0.0013474263809727218
0.0024960523294988977
-0.0014349216911920062
-0.0023548012594921796
0.0015166704259520695
0.0022180450808943126
-0.0015929476195271173
-0.002072495236365153
0.0016593670076899603
