0.0	0.9999999999999564
0.001	0.999947337088467
0.002	0.9997888059178862
0.003	0.9995236085175151
0.004	0.9991509685266409
0.005	0.9986701320693079
0.006	0.9980803686296444
0.007	0.9973809719271315
0.008	0.9965712607911186
0.009000000000000001	0.9956505800339693
0.01	0.9946183013220987
0.011	0.9934738240442038
0.012	0.9922165761759473
0.013000000000000001	0.9908460151403694
0.014	0.9893616286632267
0.015	0.9877629356225456
0.016	0.9860494868915005
0.017	0.9842208661739238
0.018000000000000002	0.982276690831504
0.019	0.9802166127019576
0.02	0.9780403189072396
0.021	0.9757475326509605
0.022	0.9733380140041556
0.023	0.9708115606785066
0.024	0.9681680087861302
0.025	0.9654072335850385
0.026000000000000002	0.9625291502093539
0.027	0.9595337143833871
0.028	0.9564209231186246
0.029	0.9531908153927329
0.03	0.9498434728096353
0.031	0.9463790202397335
0.032	0.942797626439327
0.033	0.9390995046483227
0.034	0.9352849131652969
0.035	0.9313541558989318
0.036000000000000004	0.9273075828949728
0.037	0.9231455908377246
0.038	0.9188686235251938
0.039	0.9144771723169357
0.04	0.9099717765537653
0.041	0.9053530239483558
0.042	0.9006215509458954
0.043000000000000003	0.8957780430539158
0.044	0.8908232351404396
0.045	0.8857579116995767
0.046	0.8805829070837919
0.047	0.875299105701979
0.048	0.8699074421826116
0.049	0.8644089015011374
0.05	0.8588045190709357
0.051000000000000004	0.8530953807970693
0.052000000000000005	0.8472826230921443
0.053	0.8413674328536311
0.054	0.8353510474020028
0.055	0.8292347543790104
0.056	0.8230198916056428
0.057	0.8167078468991159
0.058	0.8103000578484192
0.059000000000000004	0.8037980115479687
0.06	0.7972032442888769
0.061	0.7905173412074761
0.062	0.7837419358907383
0.063	0.7768787099382362
0.064	0.7699293924804167
0.065	0.7628957596529299
0.066	0.7557796340268251
0.067	0.748582883994494
0.068	0.7413074231112454
0.069	0.7339552093925074
0.07	0.7265282445666014
0.07100000000000001	0.719028573283244
0.07200000000000001	0.7114582822777512
0.073	0.7038194994912873
0.074	0.6961143931471869
0.075	0.6883451707837538
0.076	0.6805140782438432
0.077	0.6726233986215726
0.078	0.664675451166593
0.079	0.6566725901465197
0.08	0.6486172036679354
0.081	0.6405117124566836
0.082	0.6323585685981207
0.083	0.6241602542379603
0.084	0.6159192802445719
0.085	0.6076381848336673
0.08600000000000001	0.599319532156078
0.08700000000000001	0.5909659108497213
0.088	0.582579932556785
0.089	0.5741642304071303
0.09	0.5657214574691227
0.091	0.5572542851690387
0.092	0.5487654016802634
0.093	0.5402575102837522
0.094	0.5317333277008254
0.095	0.5231955823999774
0.096	0.5146470128789791
0.097	0.5060903659239573
0.098	0.49752839484676065
0.099	0.48896385770249845
0.1	0.4803995154887057
0.101	0.4718381303279324
0.10200000000000001	0.46328246363545944
0.10300000000000001	0.4547352742739507
0.10400000000000001	0.44619931669683754
0.105	0.4376773390822767
0.106	0.4291720814597066
0.107	0.42068627383069657
0.108	0.4122226342862258
0.109	0.4037838671224046
0.11	0.3953726609564313
0.111	0.3869916868450566
0.112	0.378643596407435
0.113	0.37033101995460993
0.114	0.3620565646274804
0.115	0.3538228125455368
0.116	0.3456323189684302
0.117	0.33748761047241504
0.11800000000000001	0.3293911831438431
0.11900000000000001	0.3213455007917963
0.12	0.31335299318196214
0.121	0.305416054293858
0.122	0.29753704060349545
0.123	0.28971826939354584
0.124	0.2819620170930813
0.125	0.27427051764891647
0.126	0.2666459609305769
0.127	0.2590904911708587
0.128	0.25160620544396617
0.129	0.24419515218312648
0.13	0.23685932973955862
0.131	0.22960068498468966
0.132	0.222421111957347
0.133	0.2153224505577394
0.134	0.20830648528990733
0.135	0.20137494405428502
0.136	0.19452949699199024
0.137	0.1877717553823513
0.138	0.18110327059516482
0.139	0.1745255330990691
0.14	0.16803997152739583
0.14100000000000001	0.16164795180278055
0.14200000000000002	0.15535077632160166
0.14300000000000002	0.14914968319961702
0.14400000000000002	0.14304584557956498
0.145	0.1370403710019026
0.146	0.13113430083935088
0.147	0.1253286097963395
0.148	0.11962420547367265
0.149	0.11402192799940683
0.15	0.10852254972620143
0.151	0.10312677499571707
0.152	0.09783523997035036
0.153	0.09264851253258613
0.154	0.0875670922521008
0.155	0.08259141042068566
0.156	0.07772183015498624
0.157	0.0729586465668119
0.158	0.06830208700098779
0.159	0.06375231134021417
0.16	0.059309412376674815
0.161	0.05497341624968254
0.162	0.050744282949089815
0.163	0.046621906883286
0.164	0.04260611751140083
0.165	0.03869668003857217
0.166	0.034893296173380765
0.167	0.031195604946298347
0.168	0.027603183588127918
0.169	0.024115548466968322
0.17	0.020732156082570216
0.171	0.01745240411644611
0.17200000000000001	0.014275632536433245
0.17300000000000001	0.01120112475397483
0.17400000000000002	0.008228108832513596
0.17500000000000002	0.005355758745259807
0.176	0.0025831956804586186
0.177	9.051060752436484e-05
0.178	0.002666340403558709
0.179	0.005145322595235321
0.18	0.0075285331967255
0.181	0.009817093835071768
0.182	0.012012170201067705
0.183	0.01411497046699336
0.184	0.016126743673342697
0.185	0.01804877808695432
0.186	0.019882399532861805
0.187	0.02162896970212628
0.188	0.0232898844381311
0.189	0.024866572003712197
0.19	0.02636049133154003
0.191	0.02777313026023548
0.192	0.029106003758578143
0.193	0.03036065214034472
0.194	0.03153863927223612
0.195	0.03264155077724992
0.196	0.03367099223602645
0.197	0.03462858738856525
0.198	0.035515976338721715
0.199	0.036334813763872986
0.2	0.037086767132154946
0.201	0.03777351492949253
0.202	0.03839674489891102
0.203	0.03895815229420554
0.20400000000000001	0.03945943815030467
0.20500000000000002	0.039902307572463595
0.20600000000000002	0.04028846804642456
0.20700000000000002	0.04061962777161098
0.20800000000000002	0.04089749401940257
0.209	0.04112377151838758
0.21	0.04130016086855424
0.211	0.041428356986243794
0.212	0.04151004758157466
0.213	0.04154691167008545
0.214	0.041540618120183934
0.215	0.041492824237970016
0.216	0.041405174390826124
0.217	0.04127929867127162
0.218	0.04111681160226245
0.219	0.04091931088522306
0.22	0.040688376191911936
0.221	0.04042556800117122
0.222	0.04013242648150642
0.223	0.0398104704203844
0.224	0.03946119620096452
0.225	0.039086076827047254
0.226	0.03868656099673533
0.227	0.03826407222536555
0.228	0.037820008018133566
0.229	0.037355739092683575
0.23	0.03687260865195578
0.231	0.03637193170739683
0.232	0.035854994452619846
0.233	0.03532305368743671
0.234	0.034777336292220025
0.23500000000000001	0.034219038752321004
0.23600000000000002	0.033649326732306306
0.23700000000000002	0.03306933469963256
0.23800000000000002	0.03248016559731711
0.23900000000000002	0.03188289056508742
0.24	0.03127854870840893
0.241	0.030668146914727887
0.242	0.030052659716186945
0.243	0.029433029198008907
0.244	0.02881016495167852
0.245	0.02818494407198715
0.246	0.027558211196950476
0.247	0.026930778589548388
0.248	0.026303426260187533
0.249	0.02567690212873345
0.25	0.025051922224915785
0.251	0.024429170925863095
0.252	0.023809301229486702
0.253	0.023192935062395077
0.254	0.02258066362098645
0.255	0.021973047744337972
0.256	0.02137061831748316
0.257	0.020773876703646686
0.258	0.020183295203984836
0.259	0.019599317543364487
0.26	0.019022359380700207
0.261	0.0184528088423607
0.262	0.017891027077146644
0.263	0.01733734883134317
0.264	0.01679208304234628
0.265	0.016255513449368843
0.266	0.015727899219736708
0.267	0.0152094755892959
0.268	0.014700454515462112
0.269	0.014201025341462234
0.27	0.01371135547033222
0.271	0.013231591047257683
0.272	0.012761857648865053
0.273	0.012302260978103626
0.274	0.011852887563369238
0.275	0.011413805460573825
0.276	0.010985064956876409
0.277	0.010566699274836904
0.278	0.010158725275784451
0.279	0.009761144161231642
0.28	0.009373942171202784
0.281	0.008997091278387668
0.28200000000000003	0.008630549877070246
0.28300000000000003	0.008274263465825016
0.28400000000000003	0.007928165323021142
0.28500000000000003	0.007592177174213828
0.28600000000000003	0.007266209850550624
0.28700000000000003	0.006950163937365212
0.28800000000000003	0.006643930412178443
0.289	0.006347391271371268
0.29	0.0060604201448447555
0.291	0.005782882898023143
0.292	0.005514638220610384
0.293	0.005255538201551436
0.294	0.005005428889700231
0.295	0.004764150839739187
0.296	0.004531539642943494
0.297	0.0043074264424278535
0.298	0.004091638432557555
0.299	0.0038839993422497498
0.3	0.0036843299019339534
0.301	0.003492448293983193
0.302	0.00330817058646692
0.303	0.0031313111501195543
0.304	0.0029616830584530108
0.305	0.002799098470984362
0.306	0.0026433689995819963
0.307	0.0024943060579706755
0.308	0.0023517211944695175
0.309	0.002215426408068449
0.31	0.0020852344479802692
0.311	0.001960959096834734
0.312	0.0018424154377084006
0.313	0.0017294201052110842
0.314	0.0016217915208743012
0.315	0.0015193501131102647
0.316	0.0014219185220319906
0.317	0.00132932178944516
0.318	0.0012413875343409682
0.319	0.001157946114236614
0.32	0.0010788307727253653
0.321	0.0010038777736122494
0.322	0.0009329265220243321
0.323	0.000865819672895489
0.324	0.0008024032272350242
0.325	0.0007425266165982588
0.326	0.0006860427761838135
0.327	0.0006328082069879981
0.328	0.0005826830274509564
0.329	0.0005355310150322058
0.33	0.0004912196381552509
0.331	0.00044962007896112103
0.332	0.00041060724731076123
0.333	0.00037405978647411705
0.334	0.00033986007094157
0.335	0.00030789419678959354
0.336	0.00027805196502805077
0.337	0.00025022685835132913
0.338	0.00022431601170912012
0.339	0.0002002201771059654
0.34	0.00017784368303084386
0.341	0.00015709438890993278
0.342	0.00013788363496662615
0.343	0.00012012618786361771
0.34400000000000003	0.0001037401824917615
0.34500000000000003	8.864706026005355e-05
0.34600000000000003	7.477150423038353e-05
0.34700000000000003	6.20413714294069e-05
0.34800000000000003	5.038762265858285e-05
0.34900000000000003	3.9744250111642325e-05
0.35000000000000003	3.004820309689452e-05
0.35100000000000003	2.123931214969601e-05
0.352	1.3260211808225742e-05
0.353	6.0562623134552835e-06
0.354	4.2452951810592364e-07
0.355	6.231590012621765e-06
0.356	1.1411858724082298e-05
0.357	1.6009868674598218e-05
0.358	2.0067826550140742e-05
0.359	2.3625692663994773e-05
0.36	2.672126051200748e-05
0.361	2.939023575536074e-05
0.362	3.166631447798397e-05
0.363	3.358126057694507e-05
0.364	3.516498215506371e-05
0.365	3.644560679566804e-05
0.366	3.744955560979525e-05
0.367	3.8201615956183224e-05
0.368	3.872501274418439e-05
0.369	3.904147823913273e-05
0.37	3.917132029879412e-05
0.371	3.9133488978255096e-05
0.372	3.894564144901553e-05
0.373	3.862420518604438e-05
0.374	3.8184439384236615e-05
0.375	3.764049457302143e-05
0.376	3.700547040476842e-05
0.377	3.62914715992438e-05
0.378	3.550966203253902e-05
0.379	3.46703169647594e-05
0.38	3.378287340622209e-05
0.381	3.285597862705984e-05
0.382	3.18975368199001e-05
0.383	3.091475392972372e-05
0.384	2.9914180669134992e-05
0.385	2.8901753741030887e-05
0.386	2.788283529413689e-05
0.387	2.6862250640025164e-05
0.388	2.5844324263095035e-05
0.389	2.483291415754585e-05
0.39	2.3831444527684484e-05
0.391	2.2842936889913963e-05
0.392	2.1870039616522677e-05
0.393	2.0915055962911265e-05
0.394	1.9979970621185452e-05
0.395	1.906647484410051e-05
0.396	1.817599018419596e-05
0.397	1.7309690893622704e-05
0.398	1.6468525030612728e-05
0.399	1.5653234318847475e-05
0.4	1.4864372806094535e-05
0.401	1.4102324368449467e-05
0.402	1.3367319106354458e-05
0.403	1.265944867824625e-05
0.404	1.1978680617270583e-05
0.405	1.1324871675939933e-05
0.406	1.069778024298741e-05
0.40700000000000003	1.0097077875914805e-05
0.40800000000000003	9.522359991926386e-06
0.40900000000000003	8.97315575903795e-06
0.41000000000000003	8.448937228186914e-06
0.41100000000000003	7.949127746162279e-06
0.41200000000000003	7.4731096880884794e-06
0.41300000000000003	7.020231547101777e-06
0.41400000000000003	6.589814417695521e-06
0.41500000000000004	6.181157908048789e-06
0.41600000000000004	5.793545515444925e-06
0.417	5.426249497673283e-06
0.418	5.078535272088821e-06
0.419	4.749665372757452e-06
0.42	4.438902994900781e-06
0.421	4.145515154607965e-06
0.422	3.868775490569192e-06
0.423	3.6079667333747307e-06
0.424	3.3623828667207997e-06
0.425	3.131331003696368e-06
0.426	2.914133000154988e-06
0.427	2.7101268260536314e-06
0.428	2.5186677145215852e-06
0.429	2.3391291073489238e-06
0.43	2.170903414527083e-06
0.431	2.0134026044532124e-06
0.432	1.8660586404214947e-06
0.433	1.7283237780652979e-06
0.434	1.599670737492401e-06
0.435	1.4795927629622896e-06
0.436	1.3676035821044173e-06
0.437	1.2632372758500878e-06
0.438	1.166048069470051e-06
0.439	1.0756100543558144e-06
0.44	9.915168494667137e-07
0.441	9.133812106845922e-07
0.442	8.408345956664891e-07
0.443	7.73526691173928e-07
0.444	7.111249092717874e-07
0.445	6.533138582420315e-07
0.446	5.997947935364031e-07
0.447	5.502850536037186e-07
0.448	5.045174849683281e-07
0.449	4.6223986050468617e-07
0.45	4.232142944503907e-07
0.451	3.8721665732205235e-07
0.452	3.540359935488488e-07
0.453	3.234739443102336e-07
0.454	2.9534417776263115e-07
0.455	2.694718285586467e-07
0.456	2.456929483029531e-07
0.457	2.238539683512861e-07
0.458	2.0381117613838655e-07
0.459	1.8543020602107902e-07
0.46	1.6858554543798312e-07
0.461	1.5316005702131444e-07
0.462	1.3904451714366357e-07
0.463	1.2613717124629603e-07
0.464	1.1434330617171427e-07
0.465	1.035748396123025e-07
0.466	9.374992668891535e-08
0.467	8.479258358462134e-08
0.468	7.663232808236389e-08
0.46900000000000003	6.920383678689148e-08
0.47000000000000003	6.244661875296416e-08
0.47100000000000003	5.630470519064427e-08
0.47200000000000003	5.0726354875678074e-08
0.47300000000000003	4.566377485643321e-08
0.47400000000000003	4.107285601887441e-08
0.47500000000000003	3.691292304700647e-08
0.47600000000000003	3.3146498296903846e-08
0.47700000000000004	2.973907908846224e-08
0.47800000000000004	2.6658927908704328e-08
0.47900000000000004	2.3876875014537116e-08
0.48	2.1366132919881897e-08
0.481	1.9102122252499334e-08
0.482	1.7062308468788085e-08
0.483	1.5226048920077153e-08
0.484	1.3574449771442508e-08
0.485	1.2090232283156851e-08
0.486	1.0757607975578341e-08
0.487	9.56216221031771e-09
0.488	8.490745733461686e-09
0.489	7.531373740641923e-09
0.49	6.673132038245227e-09
0.491	5.906089890270762e-09
0.492	5.2212191557762e-09
0.493	4.6103193376815896e-09
0.494	4.06594817953854e-09
0.495	3.5813574628303176e-09
0.496	3.1504336732227294e-09
0.497	2.7676432198803343e-09
0.498	2.42798190749959e-09
0.499	2.1269283758993187e-09
0.5	1.8604012369421865e-09
0.501	1.624719653058206e-09
0.502	1.416567115787052e-09
0.503	1.232958196422694e-09
0.504	1.071208054068732e-09
0.505	9.289044991659372e-10
0.506	8.038824227884162e-10
0.507	6.942004137726404e-10
0.508	5.981193969737132e-10
0.509	5.14083136696467e-10
0.51	4.407004595724727e-10
0.511	3.7672906089738e-10
0.512	3.2106076768475925e-10
0.513	2.7270814044878035e-10
0.514	2.3079230402250314e-10
0.515	1.9453190553945246e-10
0.516	1.6323310509282775e-10
0.517	1.3628051153091593e-10
0.518	1.1312898238359808e-10
0.519	9.329621304135304e-11
0.52	7.635604605786e-11
0.521	6.193243682209469e-11
0.522	4.9694016871550894e-11
0.523	3.934920080951719e-11
0.524	3.064178715773688e-11
0.525	2.3347007546420594e-11
0.526	1.7267982422703714e-11
0.527	1.2232544970208421e-11
0.528	8.090398186421257e-12
0.529	4.710573077138137e-12
0.53	1.9791587150687935e-12
0.531	2.0272251784123245e-13
0.532	1.9207188093982694e-12
0.533	3.2488540359695347e-12
0.534	4.250954225679453e-12
0.535	4.981913621098771e-12
0.536	5.4888168973121265e-12
0.537	5.811932534214446e-12
0.538	5.985590915421277e-12
0.539	6.038959421222681e-12
0.54	5.9967255912729266e-12
0.541	5.879698344461653e-12
0.542	5.7053362521923944e-12
0.543	5.488210958223711e-12
0.544	5.240413017712825e-12
0.545	4.971906682215966e-12
0.546	4.690839481358679e-12
0.547	4.403811839015741e-12
0.548	4.1161114072696416e-12
0.549	3.831916300325708e-12
0.55	3.5544709579734545e-12
0.551	3.2862379603458993e-12
0.552	3.029028748270509e-12
0.553	2.784115873200951e-12
0.554	2.5523291038843943e-12
0.555	2.3341374507529546e-12
0.556	2.129718930517324e-12
0.557	1.9390196800386873e-12
0.558	1.7618038379347341e-12
0.559	1.5976954422183147e-12
0.56	1.4462134407321894e-12
0.561	1.306800776231617e-12
0.562	1.178848388182779e-12
0.5630000000000001	1.0617148670133332e-12
0.5640000000000001	9.54742402407364e-13
0.5650000000000001	8.572695839564351e-13
0.5660000000000001	7.686415389404089e-13
0.5670000000000001	6.882178272018888e-13
0.5680000000000001	6.153784560233317e-13
0.5690000000000001	5.49528327815365e-13
0.5700000000000001	4.90100389476479e-13
0.5710000000000001	4.3655771383365456e-13
0.5720000000000001	3.883947099830038e-13
0.5730000000000001	3.4513763006908404e-13
0.5740000000000001	3.0634451458124717e-13
0.5750000000000001	2.716046961440781e-13
0.5760000000000001	2.4053796265375223e-13
0.577	2.1279346409285443e-13
0.578	1.880484331348793e-13
0.579	1.66006777437163e-13
0.58	1.4639759106927678e-13
0.581	1.2897362360733512e-13
0.582	1.1350973784732411e-13
0.583	9.980138067511889e-14
0.584	8.76630862259207e-14
0.585	7.692702593121585e-14
0.586	6.744161627159563e-14
0.587	5.907019191906716e-14
0.588	5.168974937511737e-14
0.589	4.518976410616705e-14
0.59	3.9471082478647535e-14
0.591	3.4444888438952203e-14
0.592	3.003174381607393e-14
0.593	2.61607003012301e-14
0.594	2.2768480538448086e-14
0.595	1.9798725309573402e-14
0.596	1.720130348613122e-14
0.597	1.493168122430471e-14
0.598	1.295034677605421e-14
0.599	1.1222287260862189e-14
0.6	9.716513773385862e-15
0.601	8.405631279068552e-15
0.602	7.265449861861335e-15
0.603	6.274634026207887e-15
0.604	5.414386911986325e-15
0.605	4.668166449819312e-15
0.606	4.021430660052752e-15
0.607	3.461409477622454e-15
0.608	2.9769006637128656e-15
0.609	2.558087541028873e-15
0.61	2.1963764606083086e-15
0.611	1.8842520729860237e-15
0.612	1.6151486340389736e-15
0.613	1.3833357253140928e-15
0.614	1.183816909560603e-15
0.615	1.0122399743552494e-15
0.616	8.648175400440438e-16
0.617	7.382569228209415e-16
0.618	6.296982498252587e-16
0.619	5.366599209332447e-16
0.62	4.569906017997328e-16
0.621	3.8882701505092757e-16
0.622	3.3055687175847643e-16
0.623	2.8078635386383346e-16
0.624	2.3831162051202227e-16
0.625	2.02093867726562e-16
0.626	1.7123752194161494e-16
0.627	1.4497119401854536e-16
0.628	1.2263106190988426e-16
0.629	1.0364638747647496e-16
0.63	8.752690647177904e-17
0.631	7.385186072245464e-17
0.632	6.226046837194887e-17
0.633	5.2443652011489173e-17
0.634	4.413686587398134e-17
0.635	3.711388226476574e-17
0.636	3.118141428262316e-17
0.637	2.6174466858215186e-17
0.638	2.195232140195861e-17
0.639	1.839507108685168e-17
0.64	1.540063415688178e-17
0.641	1.288218179536753e-17
0.642	1.0765925143005451e-17
0.643	8.989213143129194e-18
0.644	7.49889911962509e-18
0.645	6.249939458810055e-18
0.646	5.204192557520024e-18
0.647	4.329390393924018e-18
0.648	3.5982587451175835e-18
0.649	2.9877652786319057e-18
0.65	2.478477539240116e-18
0.651	2.054015287130232e-18
0.652	1.7005837625699048e-18
0.653	1.4065762943552559e-18
0.654	1.1622362690732732e-18
0.655	9.593698658116688e-19
0.656	7.911021632697892e-19
0.657	6.516702668318313e-19
0.658	5.362480028457111e-19
0.659	4.407975043459233e-19
0.66	3.6194368278489953e-19
0.661	2.968681580134095e-19
0.662	2.4321971606206614e-19
0.663	1.9903879194758132e-19
0.664	1.6269384212415722e-19
0.665	1.328277864893621e-19
0.666	1.0831297014022474e-19
0.667	8.821332654481608e-20
0.668	7.175262181300983e-20
0.669	5.828782897924319e-20
0.67	4.7286825683936375e-20
0.671	3.8309731854474777e-20
0.672	3.0993308960053087e-20
0.673	2.5037931756665385e-20
0.674	2.0196719397626965e-20
0.675	1.626647730003773e-20
0.676	1.3080155895770946e-20
0.677	1.0500578791059786e-20
0.678	8.415232142189609e-21
0.679	6.7319402821586685e-21
0.68	5.375280708960597e-21
0.681	4.28361524431789e-21
0.682	3.406634154200155e-21
0.683	2.70332685404241e-21
0.684	2.1403069844269655e-21
0.685	1.6904315475930848e-21
0.686	1.3316637910405077e-21
0.687	1.0461379087922277e-21
0.6880000000000001	8.19390655918269e-22
0.6890000000000001	6.397308517299108e-22
0.6900000000000001	4.977226630247246e-22
0.6910000000000001	3.8576266441645105e-22
0.6920000000000001	2.9773409794178714e-22
0.6930000000000001	2.287246084304567e-22
0.6940000000000001	1.7479610706024452e-22
0.6950000000000001	1.3279739104436745e-22
0.6960000000000001	1.002117881371644e-22
0.6970000000000001	7.503345577331575e-23
0.6980000000000001	5.566709252305138e-23
0.6990000000000001	4.084675303485629e-23
0.7000000000000001	2.957022933546661e-23
0.7010000000000001	2.1046098543425954e-23
0.7020000000000001	1.4651062536103857e-23
0.7030000000000001	9.895637941338464e-24
0.704	6.396610895845883e-24
0.705	3.854963565791835e-24
0.706	2.0382194820888703e-24
0.707	7.663514662673976e-25
0.708	9.944308002337315e-26
0.709	6.656631686793392e-25
0.71	1.0135777595828851e-24
0.711	1.2048205719009014e-24
0.712	1.285803682101593e-24
0.713	1.2911895397225246e-24
0.714	1.2466140708830203e-24
0.715	1.1708154964420162e-24
0.716	1.0772927226502745e-24
0.717	9.755923176233683e-25
0.718	8.723030605904825e-25
0.719	7.718209369095674e-25
0.72	6.769345098081003e-25
0.721	5.892702252168827e-25
0.722	5.096289061679369e-25
0.723	4.382380669677743e-25
0.724	3.749393987992334e-25
0.725	3.1932658309971463e-25
0.726	2.7084526277743025e-25
0.727	2.288643708145519e-25
0.728	1.9272594119759409e-25
0.729	1.6177889569255923e-25
0.73	1.3540102107663195e-25
0.731	1.1301235225279262e-25
0.732	9.408239888147624e-26
0.733	7.813305012412417e-26
0.734	6.473852659638925e-26
0.735	5.352339105032263e-26
0.736	4.4159356122265114e-26
0.737	3.636142006077509e-26
0.738	2.9883704966589847e-26
0.739	2.451525513750504e-26
0.74	2.007596650804161e-26
0.741	1.6412754778357795e-26
0.742	1.339602407885489e-26
0.743	1.0916465596487343e-26
0.744	8.88219315369616e-27
0.745	7.216207707664519e-27
0.746	5.854173154780435e-27
0.747	4.742480181592262e-27
0.748	3.836572063449892e-27
0.749	3.0995054230719855e-27
0.75	2.5007193893027544e-27
0.751	2.0149878746855082e-27
0.752	1.621531480201983e-27
0.753	1.3032675944088847e-27
0.754	1.0461794127895678e-27
0.755	8.387867461936432e-28
0.756	6.717035395715842e-28
0.757	5.372689377482115e-28
0.758	4.292404885779578e-28
0.759	3.425396550268145e-28
0.76	2.730412161454977e-28
0.761	2.17399378777721e-28
0.762	1.7290450755814267e-28
0.763	1.3736532298981314e-28
0.764	1.0901222990104907e-28
0.765	8.641813528016887e-29
0.766	6.843370888685983e-29
0.767	5.413454486702239e-29
0.768	4.277810959555061e-29
0.769	3.376872078021072e-29
0.77	2.6629105005510065e-29
0.771	2.097733380601856e-29
0.772	1.650814942571109e-29
0.773	1.297786707451975e-29
0.774	1.0192186292543005e-29
0.775	7.996364750879196e-30
0.776	6.267307534730812e-30
0.777	4.907207139077287e-30
0.778	3.838436997339933e-30
0.779	2.999456837371948e-30
0.78	2.3415335991935895e-30
0.781	1.8261187998509434e-30
0.782	1.4227535492645253e-30
0.783	1.1073971199831911e-30
0.784	8.610950605241022e-31
0.785	6.689191507352806e-31
0.786	5.191247175794787e-31
0.787	4.024815291268812e-31
0.788	3.1174313066336183e-31
0.789	2.4122646327226635e-31
0.79	1.8647922622512607e-31
0.791	1.44016966888425e-31
0.792	1.111155152320028e-31
0.793	8.564729513503064e-32
0.794	6.595238035156827e-32
0.795	5.073703189966528e-32
0.796	3.8993947092739234e-32
0.797	2.993964231837322e-32
0.798	2.296534166901943e-32
0.799	1.7598499775985814e-32
0.8	1.347268846022104e-32
0.801	1.0304054263793513e-32
0.802	7.872932599300452e-33
0.803	6.0095042236863423e-33
0.804	4.582617082817388e-33
0.805	3.491084137598381e-33
0.806	2.656915836517862e-33
0.807	2.0200626303285385e-33
0.808	1.5343348525722468e-33
0.809	1.1642396020767922e-33
0.81	8.825310810186428e-34
0.811	6.683154344414643e-34
0.812	5.055860951987847e-34
0.8130000000000001	3.8209301300337792e-34
0.8140000000000001	2.8847055872048892e-34
0.8150000000000001	2.175656252825236e-34
0.8160000000000001	1.6392050401041328e-34
0.8170000000000001	1.233752948102522e-34
0.8180000000000001	9.276253618359249e-35
0.8190000000000001	6.967290779428257e-35
0.8200000000000001	5.227565028141795e-35
0.8210000000000001	3.9181066565905114e-35
0.8220000000000001	2.9335352927602764e-35
0.8230000000000001	2.1940241892558006e-35
0.8240000000000001	1.6391667215321138e-35
0.8250000000000001	1.2232996927269464e-35
0.8260000000000001	9.119411603887358e-36
0.8270000000000001	6.790800243443889e-36
0.8280000000000001	5.051158772494725e-36
0.8290000000000001	3.752947627500087e-36
0.8300000000000001	2.7852272559873253e-36
0.8310000000000001	2.0646686553070227e-36
0.8320000000000001	1.528749518422849e-36
0.833	1.1306101080729372e-36
0.834	8.351681634256626e-37
0.835	6.161878547954401e-37
0.836	4.5407090146479565e-37
0.837	3.3419373676797066e-37
0.838	2.4565710587829625e-37
0.839	1.8034683651835974e-37
0.84	1.3222912652665268e-37
0.841	9.682238133438987e-38
0.842	7.080181519656877e-38
0.843	5.170377819440994e-38
0.844	3.7704908493348753e-38
0.845	2.7457363417555994e-38
0.846	1.9966031835148584e-38
0.847	1.44971383385282e-38
0.848	1.0510293793564066e-38
0.849	7.608037521301386e-39
0.85	5.4984134344114685e-39
0.851	3.967246999281236e-39
0.852	2.8576336560833403e-39
0.853	2.0547816816456092e-39
0.854	1.4748258426941378e-39
0.855	1.0565821192592626e-39
0.856	7.554781004477355e-40
0.857	5.390908203578451e-40
0.858	3.838706971134612e-40
0.859	2.7273954757333604e-40
0.86	1.9333189196936187e-40
0.861	1.3670906912139636e-40
0.862	9.642039313166094e-41
0.863	6.781868818881577e-41
0.864	4.756202005787558e-41
0.865	3.325152407292498e-41
0.866	2.316856597802588e-41
0.867	1.608429583041778e-41
0.868	1.11218818479851e-41
0.869	7.657019951703444e-42
0.87	5.246209358450263e-42
0.871	3.5751376566793093e-42
0.872	2.4216058820711036e-42
0.873	1.6289486290318975e-42
0.874	1.087016164330925e-42
0.875	7.185952804852267e-43
0.876	4.6973443079308555e-43
0.877	3.0286614129722e-43
0.878	1.9192950649720277e-43
0.879	1.1891974639349312e-43
0.88	7.145372706187269e-44
0.881	4.105710211692532e-44
0.882	2.1962764570309175e-44
0.883	1.027066463756547e-44
0.884	3.362329309386019e-45
0.885	5.056132078123829e-46
0.886	2.4824906372084517e-45
0.887	3.3170599599321284e-45
0.888	3.490035538635432e-45
0.889	3.3043721537827284e-45
0.89	2.9463886667676094e-45
0.891	2.5268580339047514e-45
0.892	2.1084043115414976e-45
0.893	1.723594520366521e-45
0.894	1.3867485265931926e-45
0.895	1.101539727663834e-45
0.896	8.658000338209942e-46
0.897	6.744871756710333e-46
0.898	5.21459165766103e-46
0.899	4.00486461128597e-46
0.9	3.05786604850376e-46
0.901	2.3226760080378223e-46
0.902	1.756001742856331e-46
0.903	1.321951022675609e-46
0.904	9.913284489119523e-47
0.905	7.407387767200065e-47
0.906	5.516605798639263e-47
0.907	4.095777601726444e-47
0.908	3.032099412133469e-47
0.909	2.2385531439708994e-47
0.91	1.648441097630801e-47
0.911	1.210929820397882e-47
0.912	8.874726243608743e-48
0.913	6.489731855665693e-48
0.914	4.735598498319781e-48
0.915	3.448543473736031e-48
0.916	2.506351642686584e-48
0.917	1.818123415021884e-48
0.918	1.316456744024501e-48
0.919	9.515159498235845e-49
0.92	6.865528890313842e-49
0.921	4.945391191759334e-49
0.922	3.556432668839242e-49
0.923	2.5534822723786472e-49
0.924	1.8305056385461798e-49
0.925	1.310218343392425e-49
0.926	9.36405498198266e-50
0.927	6.682580407358374e-50
0.928	4.762069776333182e-50
0.929	3.3886691589440313e-50
0.93	2.407987391136206e-50
0.931	1.7087555712229763e-50
0.932	1.2109182141015686e-50
0.933	8.569720640422852e-51
0.934	6.056794195726822e-51
0.935	4.275137493334287e-51
0.936	3.0136640321070406e-51
0.937	2.1216952252787922e-51
0.9380000000000001	1.4918327069423192e-51
0.9390000000000001	1.047638359348917e-51
0.9400000000000001	7.347873028349622e-52
0.9410000000000001	5.1472516842206756e-52
0.9420000000000001	3.601280148261907e-52
0.9430000000000001	2.5165763248625886e-52
0.9440000000000001	1.756461765362613e-52
0.9450000000000001	1.224464346385974e-52
0.9460000000000001	8.525810283165228e-53
0.9470000000000001	5.929393530157212e-53
0.9480000000000001	4.118819755006901e-53
0.9490000000000001	2.8577604423047627e-53
0.9500000000000001	1.9804861719995617e-53
0.9510000000000001	1.3709229210629176e-53
0.9520000000000001	9.478761493936944e-54
0.9530000000000001	6.546202557060113e-54
0.9540000000000001	4.515734217602523e-54
0.9550000000000001	3.1115018152946885e-54
0.9560000000000001	2.141489877065743e-54
0.9570000000000001	1.4722029165453047e-54
0.9580000000000001	1.0109420900422637e-54
0.9590000000000001	6.934146247636964e-55
0.96	4.7508232335020656e-55
0.961	3.2512834534391932e-55
0.962	2.222550858933504e-55
0.963	1.5176101198778046e-55
0.964	1.03509681305523e-55
0.965	7.052035684706764e-56
0.966	4.7991157854207915e-56
0.967	3.262281869085986e-56
0.968	2.215111046361588e-56
0.969	1.5023926039568697e-56
0.97	1.0178536610139671e-56
0.971	6.888127716679306e-57
0.972	4.656191817538961e-57
0.973	3.143939321049368e-57
0.974	2.1204633789612158e-57
0.975	1.4285661297839047e-57
0.976	9.61351946053852e-58
0.977	6.462140678274299e-58
0.978	4.338920642296629e-58
0.979	2.9100307707451304e-58
0.98	1.949499898454136e-58
0.981	1.304540931955728e-58
0.982	8.719670347006395e-59
0.983	5.82169162909469e-59
0.984	3.8824325602375597e-59
0.985	2.5862050542731665e-59
0.986	1.7207783172307974e-59
0.987	1.1436373911928548e-59
0.988	7.59192017512827e-60
0.989	5.033998605678005e-60
0.99	3.334040818836903e-60
0.991	2.2055818273333977e-60
0.992	1.4573633154609928e-60
0.993	9.618397439893836e-61
0.994	6.340529531215086e-61
0.995	4.17478225905421e-61
0.996	2.745522687095699e-61
0.997	1.8034180893835868e-61
0.998	1.1831644048553521e-61
0.999	7.752968237304385e-62
1.0	5.074133864408374e-62
1.0010000000000001	3.3168316560881278e-62
1.002	2.165453809133257e-62
1.0030000000000001	1.4119996515680224e-62
1.004	9.195522077010123e-63
1.0050000000000001	5.980948499526662e-63
1.006	3.8851795008941175e-63
1.0070000000000001	2.52054635561871e-63
1.008	1.6331113660500627e-63
1.0090000000000001	1.056742223964883e-63
1.01	6.828868938199865e-64
1.0110000000000001	4.407059505325491e-64
1.012	2.840292447160207e-64
1.0130000000000001	1.8280345298414364e-64
1.014	1.1749128950882925e-64
1.0150000000000001	7.540830202253293e-65
1.016	4.832998214908332e-65
1.0170000000000001	3.0930668005627074e-65
1.018	1.9766408334235156e-65
1.0190000000000001	1.2613103883653197e-65
1.02	8.036392834977474e-66
1.0210000000000001	5.112505151123355e-66
1.022	3.2473369216873175e-66
1.0230000000000001	2.059342377036602e-66
1.024	1.303835944331291e-66
1.025	8.241285139424348e-67
1.026	5.2002910542713765e-67
1.027	3.275689811548882e-67
1.028	2.0596830000958168e-67
1.029	1.2927031048268263e-67
1.03	8.097934825021507e-68
1.031	5.062917573910087e-68
1.032	3.1590025900064232e-68
1.033	1.9669358075185513e-68
1.034	1.2220435362532662e-68
1.035	7.575317684876587e-69
1.036	4.68478542380923e-69
1.037	2.890048636901134e-69
1.038	1.7782514992293288e-69
1.039	1.0911710836718916e-69
1.04	6.676287188990557e-70
1.041	4.0723097924474686e-70
1.042	2.4758238617053538e-70
1.043	1.4999171232200953e-70
1.044	9.052357178813943e-71
1.045	5.440768172403107e-71
1.046	3.2553210344125777e-71
1.047	1.938028998354295e-71
1.048	1.1474001005796642e-71
1.049	6.750838630941488e-72
1.05	3.943806395600691e-72
1.051	2.2851564836274685e-72
1.052	1.3114395041626569e-72
1.053	7.440537847938872e-73
1.054	4.162770480934807e-73
1.055	2.2883662492269925e-73
1.056	1.2295015121820645e-73
1.057	6.4028030506844324e-74
1.058	3.1860952821756292e-74
1.059	1.4737970917483864e-74
1.06	5.937744233750515e-75
1.061	1.646683453960577e-75
1.062	2.6886007253894143e-76
1.063	9.817926631714107e-76
1.064	1.1222682772646622e-75
1.065	1.0184143751306964e-75
1.066	8.334781607225405e-76
1.067	6.429448220203891e-76
1.068	4.772011390330145e-76
1.069	3.446491635079773e-76
1.07	2.4388180505462035e-76
1.071	1.6984564496390014e-76
1.072	1.167735353396246e-76
1.073	7.943540484882215e-77
1.074	5.355254573264191e-77
1.075	3.5825263916449e-77
1.076	2.3805035990995946e-77
1.077	1.5723818485261419e-77
1.078	1.033074066312162e-77
1.079	6.754827012836331e-78
1.08	4.397371449345987e-78
1.081	2.8511821662721207e-78
1.082	1.8417999422359204e-78
1.083	1.1856570114209456e-78
1.084	7.608035177940013e-79
1.085	4.867068658235459e-79
1.086	3.1046872969172384e-79
1.087	1.9750975479032915e-79
1.088	1.2532472221099052e-79
1.089	7.932556869386731e-80
1.09	5.00913861129106e-80
1.091	3.1559251953737402e-80
1.092	1.9839941665029055e-80
1.093	1.2446199591204257e-80
1.094	7.791934688906393e-81
1.095	4.868472776826569e-81
1.096	3.036011260096848e-81
1.097	1.8897281502705501e-81
1.098	1.1740884770031383e-81
1.099	7.28159239550757e-82
1.1	4.5080936345741156e-82
1.101	2.7862246025351906e-82
1.102	1.7191363445529133e-82
1.103	1.0589825017733427e-82
1.104	6.512740282615345e-83
1.105	3.99895561634202e-83
1.106	2.4515895456693457e-83
1.107	1.5006417821351791e-83
1.108	9.171565158303587e-84
1.109	5.597001731697576e-84
1.11	3.4105217513847223e-84
1.111	2.07513760110488e-84
1.112	1.2607833712703417e-84
1.113	7.649056819844448e-85
1.114	4.633989744218467e-85
1.115	2.8034160058546245e-85
1.116	1.6935986430890302e-85
1.117	1.0217125895707273e-85
1.118	6.1552657465578694e-86
1.119	3.703129570701347e-86
1.12	2.2248410672253052e-86
1.121	1.3348754623331694e-86
1.122	7.998298871338105e-87
1.123	4.786001692079996e-87
1.124	2.8600222699948234e-87
1.125	1.7068294752191603e-87
1.1260000000000001	1.017273238620877e-87
1.127	6.055002202651898e-88
1.1280000000000001	3.599336531997541e-88
1.129	2.1368014366708e-88
1.1300000000000001	1.2668972389671527e-88
1.131	7.501634865332672e-89
1.1320000000000001	4.436182672773494e-89
1.133	2.6200128010310072e-89
1.1340000000000001	1.5453942546720463e-89
1.135	9.103708300339777e-90
1.1360000000000001	5.356013803384912e-90
1.137	3.1470989195743574e-90
1.1380000000000001	1.846823451146298e-90
1.139	1.0823992157685841e-90
1.1400000000000001	6.335740425528653e-91
1.141	3.703869852504951e-91
1.1420000000000001	2.1625343406884546e-91
1.143	1.261013343561846e-91
1.1440000000000001	7.34388815395817e-92
1.145	4.271519211654317e-92
1.1460000000000001	2.4813541720473785e-92
1.147	1.4396114383637774e-92
1.1480000000000001	8.341649279749948e-93
1.149	4.8273473501667905e-93
1.1500000000000001	2.7900690486165572e-93
1.151	1.6105374881425842e-93
1.1520000000000001	9.284870062741097e-94
1.153	5.346006241475983e-94
1.154	3.074193349051001e-94
1.155	1.765551303954696e-94
1.156	1.0126893053670001e-94
1.157	5.8012022531983656e-95
1.158	3.318981148508524e-95
1.159	1.8964245195297012e-95
1.16	1.082204273761476e-95
1.161	6.167719986270458e-96
1.162	3.5105930668213313e-96
1.163	1.995608702467548e-96
1.164	1.132942475085313e-96
1.165	6.423567783651039e-97
1.166	3.637299367611478e-97
1.167	2.0569051043654193e-97
1.168	1.1616626087867713e-97
1.169	6.552005650763316e-98
1.17	3.6905818371145536e-98
1.171	2.0760577777377456e-98
1.172	1.1662874680916786e-98
1.173	6.543208722847119e-99
1.174	3.665997762438872e-99
1.175	2.0511951450569043e-99
1.176	1.1461252164941295e-99
1.177	6.395348636760045e-100
1.178	3.563690926003785e-100
1.179	1.9830600836617127e-100
1.18	1.1019653218205903e-100
1.181	6.114939357374209e-101
1.182	3.388474938651001e-101
1.183	1.8749935345033365e-101
1.184	1.036033635402308e-101
1.185	5.716384696324479e-102
1.186	3.149467831445782e-102
1.187	1.7326679474622984e-102
1.188	9.5180918621311e-103
1.189	5.220768102094151e-103
1.19	2.8593152743261816e-103
1.191	1.5635995920836967e-103
1.192	8.537233806530322e-104
1.193	4.6540245799397744e-104
1.194	2.5330935602861425e-104
1.195	1.3764975260394885e-104
1.196	7.467774758978422e-105
1.197	4.044713452065572e-105
1.198	2.187023726216406e-105
1.199	1.1805270973300098e-105
1.2	6.361239473173736e-106
1.201	3.421656311931511e-106
1.202	1.8371484370099316e-106
1.203	9.84574104962952e-107
1.204	5.2666020747657026e-107
1.205	2.811710270842379e-107
1.206	1.49812077069149e-107
1.207	7.965911762967744e-108
1.208	4.226788331109724e-108
1.209	2.2379130386790058e-108
1.21	1.1822301731583082e-108
1.211	6.230918672092865e-109
1.212	3.2760806874441766e-109
1.213	1.7181710513495318e-109
1.214	8.987506781537292e-110
1.215	4.688337405213701e-110
1.216	2.4386196590825874e-110
1.217	1.264577417529842e-110
1.218	6.536476245064419e-111
1.219	3.367037285987914e-111
1.22	1.728037047139323e-111
1.221	8.83357943693753e-112
1.222	4.496300677862248e-112
1.223	2.277922033954554e-112
1.224	1.148110625186648e-112
1.225	5.753652697047126e-113
1.226	2.864946082932342e-113
1.227	1.4162046598614246e-113
1.228	6.94217890823616e-114
1.229	3.369842438453156e-114
1.23	1.6167800617525866e-114
1.231	7.647256792924358e-115
1.232	3.553012869512012e-115
1.233	1.6128210201118466e-115
1.234	7.092333491343071e-116
1.235	2.977751560550594e-116
1.236	1.1604229375434063e-116
1.237	3.923530606020733e-117
1.238	8.967090739934844e-118
1.239	1.5086589088307483e-118
1.24	4.1028735745956475e-118
1.241	3.9113253099814745e-118
1.242	2.9830340202033247e-118
1.243	2.0561696691826866e-118
1.244	1.3369846932206033e-118
1.245	8.367512278385989e-119
1.246	5.09656889872561e-119
1.247	3.0416062701653153e-119
1.248	1.786453605586741e-119
1.249	1.035786552378395e-119
1.25	5.9414566160983595e-120
1.2510000000000001	3.377298438049313e-120
1.252	1.9047671873510477e-120
1.2530000000000001	1.0669246089294757e-120
1.254	5.939938338708732e-121
1.2550000000000001	3.288963881284611e-121
1.256	1.8121278160147096e-121
1.2570000000000001	9.939322005488115e-122
1.258	5.428986135101307e-122
1.2590000000000001	2.953974821459456e-122
1.26	1.601525241361179e-122
1.2610000000000001	8.653602225622001e-123
1.262	4.661015086704082e-123
1.2630000000000001	2.502984146941582e-123
1.264	1.3402761097069341e-123
1.2650000000000001	7.157247282380516e-124
1.266	3.8120962542991355e-124
1.2670000000000001	2.0253159143031626e-124
1.268	1.0734282141939544e-124
1.2690000000000001	5.675977452640408e-125
1.27	2.994527232918829e-125
1.2710000000000001	1.576395598176682e-125
1.272	8.28091143190103e-126
1.2730000000000001	4.341014706944393e-126
1.274	2.2710496507633235e-126
1.2750000000000001	1.1857807873627453e-126
1.276	6.179353636757645e-127
1.2770000000000001	3.214100706144281e-127
1.278	1.6686654063039605e-127
1.2790000000000001	8.647423519606495e-128
1.28	4.4732699154653613e-128
1.281	2.309918214969617e-128
1.282	1.1907279106639584e-128
1.283	6.127500715863156e-129
1.284	3.147884829020815e-129
1.285	1.6144624698857835e-129
1.286	8.266451530551699e-130
1.287	4.2257145630884515e-130
1.288	2.1566433797867596e-130
1.289	1.0989057488329209e-130
1.29	5.59052785687619e-131
1.291	2.8396274008851305e-131
1.292	1.4400964916472833e-131
1.293	7.292033842769137e-132
1.294	3.6866968505793215e-132
1.295	1.8610684863393327e-132
1.296	9.380536330214628e-133
1.297	4.721035971697543e-133
1.298	2.372438457242152e-133
1.299	1.1904305040265042e-133
1.3	5.96441422143764e-134
1.301	2.98393394790367e-134
1.302	1.4906341619636653e-134
1.303	7.435599661920926e-135
1.304	3.703619996302511e-135
1.305	1.8420634744423264e-135
1.306	9.148557188232701e-136
1.307	4.537037926197185e-136
1.308	2.246807127431181e-136
1.309	1.1110520657279889e-136
1.31	5.486302940018464e-137
1.311	2.705224455050694e-137
1.312	1.3320061803289024e-137
1.313	6.549222414987746e-138
1.314	3.215546829450729e-138
1.315	1.576530808891321e-138
1.316	7.71850922439211e-139
1.317	3.7735355736067635e-139
1.318	1.842248188581371e-139
1.319	8.981171949081882e-140
1.32	4.372234899747957e-140
1.321	2.1254940265911464e-140
1.322	1.0318164577910151e-140
1.323	5.001857495771357e-141
1.324	2.421288462208769e-141
1.325	1.1704370736149791e-141
1.326	5.649835492938055e-142
1.327	2.7233880131309047e-142
1.328	1.3108980889052586e-142
1.329	6.3010604503527e-143
1.33	3.0244276509155396e-143
1.331	1.4496295596389923e-143
1.332	6.938322973335387e-144
1.333	3.316155574008318e-144
1.334	1.5826955131036277e-144
1.335	7.542946468332904e-145
1.336	3.58975541523549e-145
1.337	1.7059558150090558e-145
1.338	8.095591663767509e-146
1.339	3.8362422255466585e-146
1.34	1.8152593125663772e-146
1.341	8.577190642261011e-147
1.342	4.0469104750185863e-147
1.343	1.906657005816697e-147
1.344	8.969953216805036e-148
1.345	4.213805438967265e-148
1.346	1.9766210937179805e-148
1.347	9.258376522764683e-149
1.348	4.3301845833690505e-149
1.349	2.022253943583151e-149
1.35	9.43018240540279e-150
1.351	4.390933658857216e-150
1.352	2.0414706432796192e-150
1.353	9.477107756795593e-151
1.354	4.39290360867511e-151
1.355	2.033139972936037e-151
1.356	9.395480868413546e-152
1.357	4.335139185761296e-152
1.358	1.9971713586916903e-152
1.359	9.186531744544887e-153
1.36	4.218978050036353e-153
1.361	1.9345394408424658e-153
1.362	8.856404939041217e-154
1.363	4.048009385833042e-154
1.364	1.8472429270683956e-154
1.365	8.415867862777189e-155
1.366	3.827892731626382e-155
1.367	1.7381999019628545e-155
1.368	7.879733166956095e-156
1.369	3.566049541137736e-156
1.37	1.6110871498247547e-156
1.371	7.266038024991418e-157
1.372	3.271250738221072e-157
1.373	1.4701357437561227e-157
1.374	6.595043323725728e-158
1.375	2.9531320406847994e-158
1.3760000000000001	1.3198986608657306e-158
1.377	5.888129801775709e-159
1.3780000000000001	2.621674221494371e-159
1.379	1.1650081412386027e-159
1.3800000000000001	5.166674636804085e-160
1.381	2.286687232532695e-160
1.3820000000000001	1.009940741989911e-160
1.383	4.450990383506235e-161
1.3840000000000001	1.957335150484391e-161
1.385	8.588065759406389e-162
1.3860000000000001	3.7593989449309413e-162
1.387	1.6417335637072596e-162
1.3880000000000001	7.151762903038394e-163
1.389	3.107497727439816e-163
1.3900000000000001	1.3466430238203594e-163
1.391	5.819553166285049e-164
1.3920000000000001	2.5076552506466323e-164
1.393	1.0772725239436096e-164
1.3940000000000001	4.61310294905789e-165
1.395	1.9687516060810137e-165
1.3960000000000001	8.371967531137117e-166
1.397	3.546478649320014e-166
1.3980000000000001	1.4961576941653064e-166
1.399	6.283812109370736e-167
1.4000000000000001	2.626417187711797e-167
1.401	1.0919282915464514e-167
1.4020000000000001	4.513010920882775e-168
1.403	1.8530032243767102e-168
1.4040000000000001	7.551693945955483e-169
1.405	3.0513385444662124e-169
1.4060000000000001	1.2206531486555658e-169
1.407	4.825309847779732e-170
1.408	1.8800193850604355e-170
1.409	7.192939885760581e-171
1.41	2.6877269224817306e-171
1.411	9.724125218675224e-172
1.412	3.3562523622224894e-172
1.413	1.0735145085427289e-172
1.414	2.9672522000298854e-173
1.415	5.4361653551589415e-174
1.416	9.013748814441462e-175
1.417	1.814404072483254e-174
1.418	1.4062707679324594e-174
1.419	8.783574559526888e-175
1.42	4.9685718691952333e-175
1.421	2.6534144095936436e-175
1.422	1.3643658635244972e-175
1.423	6.828569893998548e-176
1.424	3.348792501559819e-176
1.425	1.616220185517342e-176
1.426	7.699756236642334e-177
1.427	3.6287894893605903e-177
1.428	1.6945632460605284e-177
1.429	7.850590441875089e-178
1.43	3.61173073600163e-178
1.431	1.6513205211338557e-178
1.432	7.507944181987644e-179
1.433	3.396303225491918e-179
1.434	1.5292276869912255e-179
1.435	6.856035158910689e-180
1.436	3.061543432912152e-180
1.437	1.3620297168241064e-180
1.438	6.038210150293195e-181
1.439	2.6680209917239676e-181
1.44	1.1751758878145361e-181
1.441	5.160756963356393e-182
1.442	2.2598394663738182e-182
1.443	9.868377029424045e-183
1.444	4.29796285282652e-183
1.445	1.8671037040143121e-183
1.446	8.090941510776643e-184
1.447	3.49773523218918e-184
1.448	1.5085556671688404e-184
1.449	6.49155646277147e-185
1.45	2.7872348242218592e-185
1.451	1.194146186944897e-185
1.452	5.105293815190555e-186
1.453	2.178119440851668e-186
1.454	9.273789335648243e-187
1.455	3.9406046369671047e-187
1.456	1.6711402426486318e-187
1.457	7.073274508152093e-188
1.458	2.9881190433958276e-188
1.459	1.2599587310619578e-188
1.46	5.302812085837624e-189
1.461	2.2277032660174824e-189
1.462	9.341543461870468e-190
1.463	3.9101957866469406e-190
1.464	1.6338219658513414e-190
1.465	6.814666109939585e-191
1.466	2.837427856463078e-191
1.467	1.1793746403843484e-191
1.468	4.893632473282898e-192
1.469	2.027071315419349e-192
1.47	8.382430601983046e-193
1.471	3.4605009588524577e-193
1.472	1.4262003723204898e-193
1.473	5.868118617272956e-194
1.474	2.4104488405682684e-194
1.475	9.885105782882124e-195
1.476	4.047180034408343e-195
1.477	1.6543017618120806e-195
1.478	6.7510440014283e-196
1.479	2.7505778067509155e-196
1.48	1.1188614786802092e-196
1.481	4.5439183867729524e-197
1.482	1.8424206317605592e-197
1.483	7.458529460133911e-198
1.484	3.01457242464315e-198
1.485	1.216488803470106e-198
1.486	4.901195664667245e-199
1.487	1.9715555212516739e-199
1.488	7.918272013126569e-200
1.489	3.1751739282599443e-200
1.49	1.2712221942794501e-200
1.491	5.081515895278752e-201
1.492	2.0280745082166436e-201
1.493	8.081540137212142e-202
1.494	3.21532356004828e-202
1.495	1.2772507361589413e-202
1.496	5.06581216230166e-203
1.497	2.0060597323572953e-203
1.498	7.93160024716498e-204
1.499	3.131123398652625e-204
1.5	1.2341333759277252e-204
1.5010000000000001	4.856759620198856e-205
1.502	1.9083308882413433e-205
1.5030000000000001	7.486575072800575e-206
1.504	2.932478985100597e-206
1.5050000000000001	1.1468551114673366e-206
1.506	4.47820258641404e-207
1.5070000000000001	1.7459024818697512e-207
1.508	6.796052633667292e-208
1.5090000000000001	2.641273322152901e-208
1.51	1.0249179097335491e-208
1.5110000000000001	3.970846722720227e-209
1.512	1.536011813432674e-209
1.5130000000000001	5.9322900347447595e-210
1.514	2.2875230902503197e-210
1.5150000000000001	8.806892510732595e-211
1.516	3.3852653375258597e-211
1.5170000000000001	1.2991944410387164e-211
1.518	4.978121844647812e-212
1.5190000000000001	1.9044309170380014e-212
1.52	7.273970766463904e-213
1.5210000000000001	2.7738481843122147e-213
1.522	1.0560797088040804e-213
1.5230000000000001	4.014315719425813e-214
1.524	1.523438717766479e-214
1.5250000000000001	5.772112311631768e-215
1.526	2.1834257442723214e-215
1.5270000000000001	8.245810600908313e-216
1.528	3.108972013346262e-216
1.5290000000000001	1.1702695217352837e-216
1.53	4.397820810437785e-217
1.5310000000000001	1.6499412200540205e-217
1.532	6.179812378689431e-218
1.5330000000000001	2.310757407724999e-218
1.534	8.625848543721495e-219
1.5350000000000001	3.2145016745101966e-219
1.536	1.1958743379109105e-219
1.537	4.441329125070473e-220
1.538	1.6466112662767903e-220
1.539	6.094173700082309e-221
1.54	2.251535500342498e-221
1.541	8.303807446688923e-222
1.542	3.0570614397720826e-222
1.543	1.123448162791754e-222
1.544	4.1211367398688015e-223
1.545	1.5089985683007028e-223
1.546	5.515192475411213e-224
1.547	2.0119828425849782e-224
1.548	7.326065155431847e-225
1.549	2.6625068084265727e-225
1.55	9.657706451695046e-226
1.551	3.496308525045735e-226
1.552	1.2632413334962917e-226
1.553	4.555029745069233e-227
1.554	1.6391207146751608e-227
1.555	5.886144920447107e-228
1.556	2.1092863235432573e-228
1.557	7.542367315423659e-229
1.558	2.691094249143617e-229
1.559	9.580300629024717e-230
1.56	3.4028003348368517e-230
1.561	1.2058046659557903e-230
1.562	4.2625980680436003e-231
1.563	1.5031416360493397e-231
1.564	5.2871512441741434e-232
1.565	1.8548325536085067e-232
1.566	6.489478524290491e-233
1.567	2.2640890990741707e-233
1.568	7.876026977050474e-234
1.569	2.731468311984595e-234
1.57	9.442754392961302e-235
1.571	3.253454311628143e-235
1.572	1.1170027846093178e-235
1.573	3.820634505684872e-236
1.574	1.3016141372941613e-236
1.575	4.415408438914384e-237
1.576	1.4909261861209835e-237
1.577	5.009171514267885e-238
1.578	1.6737632699133065e-238
1.579	5.558924956530705e-239
1.58	1.8337902946343881e-239
1.581	6.003278685609179e-240
1.582	1.9481509126553697e-240
1.583	6.257836232357119e-241
1.584	1.985912013498248e-241
1.585	6.209981272567768e-242
1.586	1.906326528153548e-242
1.587	5.713124251426136e-243
1.588	1.6569401976414778e-243
1.589	4.5805149249761625e-244
1.59	1.1715842099502065e-244
1.591	2.578781847795869e-245
1.592	3.683141621520238e-246
1.593	5.785784738884077e-247
1.594	8.526239063906666e-247
1.595	5.237474078107683e-247
1.596	2.610698481118377e-247
1.597	1.180889591023161e-247
1.598	5.046745678562835e-248
1.599	2.077358209988233e-248
1.6	8.324228370033199e-249
1.601	3.268519189259872e-249
1.602	1.2629943293925877e-249
1.603	4.8171470144032107e-250
1.604	1.8174007429710902e-250
1.605	6.793286001071573e-251
1.606	2.518895136836805e-251
1.607	9.273802387687915e-252
1.608	3.392775293844849e-252
1.609	1.234157664424457e-252
1.61	4.466066063769097e-253
1.611	1.6084292412566442e-253
1.612	5.767068482223575e-254
1.613	2.0592789493779288e-254
1.614	7.324767588586169e-255
1.615	2.595896341444242e-255
1.616	9.16809628917873e-256
1.617	3.227321321639287e-256
1.618	1.1325059245043695e-256
1.619	3.962146181449723e-257
1.62	1.3821728427549692e-257
1.621	4.808179880603544e-258
1.622	1.6681130390375485e-258
1.623	5.772082293453298e-259
1.624	1.992205406866055e-259
1.625	6.85897891224785e-260
1.6260000000000001	2.3557816552210958e-260
1.627	8.072069146677668e-261
1.6280000000000001	2.759503224403424e-261
1.629	9.412243700486962e-262
1.6300000000000001	3.203243751156004e-262
1.631	1.087772835279489e-262
1.6320000000000001	3.685982777374301e-263
1.633	1.2463772638580186e-263
1.6340000000000001	4.205716638112307e-264
1.635	1.416240224529126e-264
1.6360000000000001	4.75939241664159e-265
1.637	1.596225328910021e-265
1.6380000000000001	5.342870482555787e-266
1.639	1.784850492281445e-266
1.6400000000000001	5.950920416102967e-267
1.641	1.9802923933904714e-267
1.6420000000000001	6.577254071856668e-268
1.643	2.1804031162811278e-268
1.6440000000000001	7.21459817273231e-269
1.645	2.3827394825352002e-269
1.6460000000000001	7.854807201219353e-270
1.647	2.5846050353197906e-270
1.6480000000000001	8.489015539242591e-271
1.649	2.783104042641403e-271
1.6500000000000001	9.107825891794752e-272
1.651	2.9752062774785527e-272
1.6520000000000001	9.701529116856823e-273
1.653	3.1578207415704235e-273
1.6540000000000001	1.0260348788055561e-273
1.655	3.327875963525591e-274
1.6560000000000001	1.0774702249936317e-274
1.657	3.482404055729818e-275
1.6580000000000001	1.1235468695201961e-275
1.659	3.618625389570828e-276
1.6600000000000001	1.163425398879766e-276
1.661	3.734030570307987e-277
1.6620000000000001	1.196364165501201e-277
1.663	3.826456378734198e-278
1.6640000000000001	1.2217419668933246e-278
1.665	3.894152504294455e-279
1.666	1.2390773461970043e-279
1.667	3.935836220356053e-280
1.668	1.2480436834295536e-280
1.669	3.9507326333029395e-281
1.67	1.2484794206174828e-281
1.671	3.9385987486040305e-282
1.672	1.240392974313421e-282
1.673	3.8997303066927743e-283
1.674	1.2239621243158745e-283
1.675	3.8349511095039186e-284
1.676	1.1995279144724197e-284
1.677	3.74558534189498e-285
1.678	1.167583346227728e-285
1.679	3.6334141460962867e-286
1.68	1.1287573742931923e-286
1.681	3.500618389627283e-287
1.682	1.083794913640361e-287
1.683	3.3497101402213044e-288
1.684	1.0335337272284964e-288
1.685	3.1834557948772536e-289
1.686	9.788791762995657e-290
1.687	3.0047940837936276e-290
1.688	9.207778748111679e-291
1.689	2.8167522727845338e-291
1.69	8.60191295023851e-292
1.691	2.62236382096735e-292
1.692	7.980703243548992e-293
1.693	2.424590524507478e-293
1.694	7.353316792507638e-294
1.695	2.2262518127278617e-294
1.696	6.728369478297361e-295
1.697	2.029963387391825e-295
1.698	6.113748689760196e-296
1.699	1.838086842599491e-296
1.7	5.5164727245860404e-297
1.701	1.6526913070581708e-297
1.702	4.942589138744989e-298
1.703	1.475527548374454e-298
1.704	4.3971125083934915e-299
1.705	1.3080144040141588e-299
1.706	3.884000328811886e-300
1.707	1.1512368849398215e-300
1.708	3.4061642530319527e-301
1.709	1.0059548590527687e-301
1.71	2.965512631934945e-302
1.711	8.726208788517052e-303
1.712	2.5630193981810073e-303
1.713	7.514054802648971e-304
1.714	2.1988137553057046e-304
1.715	6.422281492071408e-305
1.716	1.872284885783497e-305
1.717	5.447921243010668e-306
1.718	1.5821959532975982e-306
1.719	4.586212679692448e-307
1.72	1.326802004717786e-307
1.721	3.830973791525032e-308
1.722	1.1039669251872203e-308
1.723	3.17496521778339e-309
1.724	9.11275307379713e-310
1.725	2.6102318506685e-310
1.726	7.461359038084e-311
1.727	2.1284135615413e-311
1.728	6.058741816214e-312
1.729	1.721018549463e-312
1.73	4.8781234083e-313
1.731	1.37965540426e-313
1.732	3.8933594504e-314
1.733	1.096222366e-314
1.734	3.07947023e-315
1.735	8.6305419e-316
1.736	2.41304127e-316
1.737	6.7302946e-317
1.738	1.8724905e-317
1.739	5.196434e-318
1.74	1.438294e-318
1.741	3.971e-319
1.742	1.0928e-319
1.743	2.998e-320
1.744	8.216e-321
1.745	2.22e-321
1.746	6.1e-322
1.747	2e-322
1.748	0.0
1.749	0.0
1.75	0.0
1.7510000000000001	0.0
1.752	0.0
1.7530000000000001	0.0
1.754	0.0
1.7550000000000001	0.0
1.756	0.0
1.7570000000000001	0.0
1.758	0.0
1.7590000000000001	0.0
1.76	0.0
1.7610000000000001	0.0
1.762	0.0
1.7630000000000001	0.0
1.764	0.0
1.7650000000000001	0.0
1.766	0.0
1.7670000000000001	0.0
1.768	0.0
1.7690000000000001	0.0
1.77	0.0
1.7710000000000001	0.0
1.772	0.0
1.7730000000000001	0.0
1.774	0.0
1.7750000000000001	0.0
1.776	0.0
1.7770000000000001	0.0
1.778	0.0
1.7790000000000001	0.0
1.78	0.0
1.7810000000000001	0.0
1.782	0.0
1.7830000000000001	0.0
1.784	0.0
1.7850000000000001	0.0
1.786	0.0
1.7870000000000001	0.0
1.788	0.0
1.7890000000000001	0.0
1.79	0.0
1.7910000000000001	0.0
1.792	0.0
1.793	0.0
1.794	0.0
1.795	0.0
1.796	0.0
1.797	0.0
1.798	0.0
1.799	0.0
1.8	0.0
1.801	0.0
1.802	0.0
1.803	0.0
1.804	0.0
1.805	0.0
1.806	0.0
1.807	0.0
1.808	0.0
1.809	0.0
1.81	0.0
1.811	0.0
1.812	0.0
1.813	0.0
1.814	0.0
1.815	0.0
1.816	0.0
1.817	0.0
1.818	0.0
1.819	0.0
1.82	0.0
1.821	0.0
1.822	0.0
1.823	0.0
1.824	0.0
1.825	0.0
1.826	0.0
1.827	0.0
1.828	0.0
1.829	0.0
1.83	0.0
1.831	0.0
1.832	0.0
1.833	0.0
1.834	0.0
1.835	0.0
1.836	0.0
1.837	0.0
1.838	0.0
1.839	0.0
1.84	0.0
1.841	0.0
1.842	0.0
1.843	0.0
1.844	0.0
1.845	0.0
1.846	0.0
1.847	0.0
1.848	0.0
1.849	0.0
1.85	0.0
1.851	0.0
1.852	0.0
1.853	0.0
1.854	0.0
1.855	0.0
1.856	0.0
1.857	0.0
1.858	0.0
1.859	0.0
1.86	0.0
1.861	0.0
1.862	0.0
1.863	0.0
1.864	0.0
1.865	0.0
1.866	0.0
1.867	0.0
1.868	0.0
1.869	0.0
1.87	0.0
1.871	0.0
1.872	0.0
1.873	0.0
1.874	0.0
1.875	0.0
1.8760000000000001	0.0
1.877	0.0
1.8780000000000001	0.0
1.879	0.0
1.8800000000000001	0.0
1.881	0.0
1.8820000000000001	0.0
1.883	0.0
1.8840000000000001	0.0
1.885	0.0
1.8860000000000001	0.0
1.887	0.0
1.8880000000000001	0.0
1.889	0.0
1.8900000000000001	0.0
1.891	0.0
1.8920000000000001	0.0
1.893	0.0
1.8940000000000001	0.0
1.895	0.0
1.8960000000000001	0.0
1.897	0.0
1.8980000000000001	0.0
1.899	0.0
1.9000000000000001	0.0
1.901	0.0
1.9020000000000001	0.0
1.903	0.0
1.9040000000000001	0.0
1.905	0.0
1.9060000000000001	0.0
1.907	0.0
1.9080000000000001	0.0
1.909	0.0
1.9100000000000001	0.0
1.911	0.0
1.9120000000000001	0.0
1.913	0.0
1.9140000000000001	0.0
1.915	0.0
1.9160000000000001	0.0
1.917	0.0
1.9180000000000001	0.0
1.919	0.0
1.92	0.0
1.921	0.0
1.922	0.0
1.923	0.0
1.924	0.0
1.925	0.0
1.926	0.0
1.927	0.0
1.928	0.0
1.929	0.0
1.93	0.0
1.931	0.0
1.932	0.0
1.933	0.0
1.934	0.0
1.935	0.0
1.936	0.0
1.937	0.0
1.938	0.0
1.939	0.0
1.94	0.0
1.941	0.0
1.942	0.0
1.943	0.0
1.944	0.0
1.945	0.0
1.946	0.0
1.947	0.0
1.948	0.0
1.949	0.0
1.95	0.0
1.951	0.0
1.952	0.0
1.953	0.0
1.954	0.0
1.955	0.0
1.956	0.0
1.957	0.0
1.958	0.0
1.959	0.0
1.96	0.0
1.961	0.0
1.962	0.0
1.963	0.0
1.964	0.0
1.965	0.0
1.966	0.0
1.967	0.0
1.968	0.0
1.969	0.0
1.97	0.0
1.971	0.0
1.972	0.0
1.973	0.0
1.974	0.0
1.975	0.0
1.976	0.0
1.977	0.0
1.978	0.0
1.979	0.0
1.98	0.0
1.981	0.0
1.982	0.0
1.983	0.0
1.984	0.0
1.985	0.0
1.986	0.0
1.987	0.0
1.988	0.0
1.989	0.0
1.99	0.0
1.991	0.0
1.992	0.0
1.993	0.0
1.994	0.0
1.995	0.0
1.996	0.0
1.997	0.0
1.998	0.0
1.999	0.0
