0.0	0.9999999999998264
0.001	0.9982737799190079
0.002	0.9931052973477761
0.003	0.9845258504243151
0.004	0.9725879240927483
0.005	0.9573648233496914
0.006	0.938950151784882
0.007	0.9174571392558077
0.008	0.8930178237692452
0.009000000000000001	0.8657820938383177
0.01	0.835916598730796
0.011	0.8036035351133971
0.012	0.7690393196171482
0.013000000000000001	0.7324331577927834
0.014	0.6940055207827939
0.015	0.6539865418013241
0.016	0.6126143451768923
0.017	0.5701333212705585
0.018000000000000002	0.5267923610276388
0.019	0.4828430642508083
0.02	0.4385379358924434
0.021	0.3941285847532286
0.022	0.3498639389398688
0.023	0.3059884922785816
0.024	0.2627405956029156
0.025	0.22035080643701288
0.026000000000000002	0.17904031008208457
0.027	0.13901942448829052
0.028	0.10048620056265228
0.029	0.06362512873146356
0.03	0.02860596165098514
0.031	0.004417338049565988
0.032	0.03530751719408601
0.033	0.06394481200788671
0.034	0.09022758314900212
0.035	0.11407280163620816
0.036000000000000004	0.13541638277415266
0.037	0.15421336648528816
0.038	0.1704379437779149
0.039	0.1840833303980001
0.04	0.1951614900177456
0.041	0.20370271059369524
0.042	0.20975503877068477
0.043000000000000003	0.21338357840343405
0.044	0.2146696604041846
0.045	0.21370989219264042
0.046	0.2106150960133481
0.047	0.20550914628736042
0.048	0.19852771697068014
0.049	0.18981695059521253
0.05	0.17953206126188234
0.051000000000000004	0.16783588433556546
0.052000000000000005	0.15489738595296984
0.053	0.14089014569515632
0.054	0.1259908258936252
0.055	0.11037764103273896
0.056	0.0942288405819024
0.057	0.0777212183401481
0.058	0.06102866100668575
0.059000000000000004	0.04432074820734819
0.06	0.027761415613930293
0.061	0.011507692097316662
0.062	0.0042914789368019455
0.063	0.019496324760955287
0.064	0.03397722677818002
0.065	0.04761559493280231
0.066	0.06030462688684507
0.067	0.0719499469055613
0.068	0.08247012056912036
0.069	0.09179704262667028
0.07	0.09987619652205117
0.07100000000000001	0.10666678533557489
0.07200000000000001	0.11214173509165537
0.073	0.1162875725660296
0.074	0.11910418087753523
0.075	0.12060443725682803
0.076	0.12081373843762999
0.077	0.11976942010510042
0.078	0.11752007775170537
0.079	0.11412479712486405
0.08	0.1096523031954285
0.081	0.10418003722497222
0.082	0.09779317205737766
0.083	0.09058357620181859
0.084	0.08264873760672464
0.085	0.07409065824507664
0.08600000000000001	0.06501473073967562
0.08700000000000001	0.0555286082527542
0.088	0.045741078748560725
0.089	0.03576095451302717
0.09	0.025695987484405245
0.091	0.015651820517449167
0.092	0.005730984177189758
0.093	0.003968051957615265
0.094	0.013351765198718373
0.095	0.02233239534882671
0.096	0.03082868332281676
0.097	0.038766527005610875
0.098	0.046079549499705476
0.099	0.05270957588757906
0.1	0.05860701563122001
0.101	0.06373114874223258
0.10200000000000001	0.06805031487043828
0.10300000000000001	0.07154200546615037
0.10400000000000001	0.0741928601608143
0.105	0.0759985694724179
0.106	0.07696368686607424
0.107	0.07710135407760617
0.108	0.07643294442971002
0.109	0.07498762962891066
0.11	0.07280187621965616
0.111	0.06991887848322517
0.112	0.06638793509843402
0.113	0.06226377732385034
0.114	0.05760585681400057
0.115	0.052477601442467374
0.116	0.04694564767147371
0.117	0.0410790580801681
0.11800000000000001	0.03494853264316488
0.11900000000000001	0.02862562223856525
0.12	0.02218195266350234
0.121	0.015688467148802343
0.122	0.009214694997205146
0.123	0.0028280535270877537
0.124	0.003406810008068516
0.125	0.009428630428355391
0.126	0.015180085097306372
0.127	0.020608298062271217
0.128	0.02566528378973713
0.129	0.030308327165368503
0.13	0.034500297195304265
0.131	0.038209892624539554
0.132	0.04141181847109759
0.133	0.044086893252431696
0.134	0.04622208744442665
0.135	0.04781049445524975
0.136	0.04885123610823105
0.137	0.04934930530246797
0.138	0.04931534915016057
0.139	0.04876539646946676
0.14	0.04772053403542022
0.14100000000000001	0.04620653645440132
0.14200000000000002	0.044253454925661385
0.14300000000000002	0.041895170483416046
0.14400000000000002	0.039168917572567234
0.145	0.03611478399877744
0.146	0.03277519340869416
0.147	0.02919437649891228
0.148	0.025417837123714548
0.149	0.02149181937374516
0.15	0.017462781533008478
0.151	0.013376882593546142
0.152	0.0092794867195662
0.153	0.005214690710721028
0.154	0.0012248791223919541
0.155	0.0026496887346335726
0.156	0.006371256166045469
0.157	0.009904907593148222
0.158	0.013218865464298036
0.159	0.016284743411214976
0.16	0.01907775404122385
0.161	0.021576870319393166
0.162	0.023764940054957617
0.163	0.025628753558004393
0.164	0.027159065068576713
0.165	0.02835056907552304
0.166	0.029201833130692897
0.167	0.02971518922054861
0.168	0.029896586177218087
0.169	0.02975540599042122
0.17	0.029304247217102522
0.171	0.02855867897411274
0.17200000000000001	0.027536969238684917
0.17300000000000001	0.026259791370219564
0.17400000000000002	0.024749912904052148
0.17500000000000002	0.023031870753204314
0.176	0.02113163698799982
0.177	0.019076279346819058
0.178	0.016893620565795932
0.179	0.014611900503057058
0.18	0.012259444876816024
0.181	0.009864344239447105
0.182	0.007454146575068631
0.183	0.0050555666401243685
0.184	0.0026942148691933947
0.185	0.0003943483462203725
0.186	0.0018213540007556864
0.187	0.0039319901807493155
0.188	0.005918606464170139
0.189	0.007764340191277677
0.19	0.009454533380190071
0.191	0.010976816820674879
0.192	0.012321164702576055
0.193	0.01347992017795336
0.194	0.014447792589908227
0.195	0.01522182741503812
0.196	0.015801350257204035
0.197	0.016187886495004203
0.198	0.016385058421534527
0.199	0.01639846192067593
0.2	0.016235524897746788
0.201	0.01590534982274087
0.202	0.015418542850938088
0.203	0.014787032058183118
0.20400000000000001	0.014023877366846751
0.20500000000000002	0.013143074744060066
0.20600000000000002	0.012159357227325196
0.20700000000000002	0.011087995275468793
0.20800000000000002	0.009944598856947073
0.209	0.008744923574777906
0.21	0.007504682990251686
0.211	0.006239369148697347
0.212	0.00496408313266115
0.213	0.003693377273938649
0.214	0.0024411104489237916
0.215	0.0012203176648957258
0.216	4.309492125083262e-05
0.217	0.0010794998976506288
0.218	0.0021375295692411178
0.219	0.003122243215992551
0.22	0.004026125042550699
0.221	0.00484292625695897
0.222	0.005567680508796634
0.223	0.006196703367332814
0.224	0.006727576538686639
0.225	0.0071591176809027955
0.226	0.007491336818244463
0.227	0.0077253804798181015
0.228	0.007863464792040274
0.229	0.007908798838710304
0.23	0.007865499666591233
0.231	0.00773850035807592
0.232	0.007533452616278284
0.233	0.007256625312111004
0.234	0.00691480042842956
0.23500000000000001	0.006515167804062711
0.23600000000000002	0.006065220031752399
0.23700000000000002	0.005572648799985386
0.23800000000000002	0.005045243890947928
0.23900000000000002	0.004490795956973346
0.24	0.003917004097596361
0.241	0.003331389150460316
0.242	0.002741213493648923
0.243	0.0021534080363774222
0.244	0.0015745069511824584
0.245	0.0010105905755862597
0.246	0.0004672367863938654
0.247	5.0518973050273406e-05
0.248	0.0005382149516233162
0.249	0.0009919856885406222
0.25	0.0014085761122850525
0.251	0.0017853474025474236
0.252	0.0021202749697363287
0.253	0.0024119389897709702
0.254	0.0026595080051451496
0.255	0.0028627161661462733
0.256	0.0030218347382926078
0.257	0.003137638543342503
0.258	0.003211368031610206
0.259	0.0032446877029368476
0.26	0.00323964160278042
0.261	0.003198606618915533
0.262	0.003124244293700928
0.263	0.003019451847405754
0.264	0.0028873130804144068
0.265	0.002731049787054832
0.266	0.0025539742721704694
0.267	0.002359443514310897
0.268	0.00215081546746802
0.269	0.0019314079376128025
0.27	0.0017044604118385304
0.271	0.001473099157648214
0.272	0.0012403058487510108
0.273	0.0010088899125570336
0.274	0.0007814647342070425
0.275	0.0005604277932367353
0.276	0.00034794475257469564
0.277	0.00014593746614809686
0.278	4.3924178504751665e-05
0.279	0.00022022671204881337
0.28	0.00038181400042520773
0.281	0.0005277848346462043
0.28200000000000003	0.0006574874324159146
0.28300000000000003	0.0007705111171769834
0.28400000000000003	0.0008666754614689761
0.28500000000000003	0.0009460171975671313
0.28600000000000003	0.0010087752093372012
0.28700000000000003	0.001055373925242235
0.28800000000000003	0.0010864054336836527
0.289	0.001102610638625965
0.29	0.0011048597660501072
0.291	0.001094132520573291
0.292	0.0010714981769483019
0.293	0.001038095873528069
0.294	0.000995115354596294
0.295	0.0009437783861532708
0.296	0.0008853210457713937
0.297	0.0008209770619300466
0.298	0.0007519623522467649
0.299	0.0006794608836599987
0.3	0.0006046119512824853
0.301	0.0005284989467124647
0.302	0.00045213966140102195
0.303	0.0003764781465411931
0.304	0.0003023781281430784
0.305	0.00023061795472591694
0.306	0.0001618870355941413
0.307	9.678371012907716e-05
0.308	3.58144730441707e-05
0.309	2.0605532798167185e-05
0.31	7.215085557809664e-05
0.311	0.00011858301426421677
0.312	0.00015974683426453915
0.313	0.00019556595901993524
0.314	0.00022603766022553557
0.315	0.00025122707008000763
0.316	0.0002712609578699706
0.317	0.00028632117044101305
0.318	0.0002966378518469903
0.319	0.0003024825518758269
0.32	0.0003041613264010977
0.321	0.0003020079247864532
0.322	0.0002963771510598068
0.323	0.00028763847645756177
0.324	0.0002761699713960625
0.325	0.0002623526151294679
0.326	0.00024656503146307305
0.327	0.00022917868906389104
0.328	0.0002105535952831346
0.329	0.00019103450310907323
0.33	0.00017094764201297977
0.331	0.00015059797513514574
0.332	0.0001302669775631711
0.333	0.00011021092344760075
0.334	9.065966343113227e-05
0.335	7.181586837270355e-05
0.336	5.385471064801503e-05
0.337	3.6923950410413956e-05
0.338	2.1144391095421198e-05
0.339	6.610666130755615e-06
0.34	6.607682755900031e-06
0.341	1.8464876095222913e-05
0.342	2.893735675025694e-05
0.343	3.802207972641092e-05
0.34400000000000003	4.573467094699589e-05
0.34500000000000003	5.2107492735850386e-05
0.34600000000000003	5.7187651826243764e-05
0.34700000000000003	6.103498342329525e-05
0.34800000000000003	6.372004225400664e-05
0.34900000000000003	6.532212870599967e-05
0.35000000000000003	6.592737515097892e-05
0.35100000000000003	6.562691442855052e-05
0.352	6.451514929084661e-05
0.353	6.268813843059409e-05
0.354	6.024211158340524e-05
0.355	5.727212315500587e-05
0.356	5.387085091251851e-05
0.357	5.0127543531167654e-05
0.358	4.6127118230901564e-05
0.359	4.194940739393213e-05
0.36	3.766855094213957e-05
0.361	3.335252938356806e-05
0.362	2.9062830817963885e-05
0.363	2.485424382435553e-05
0.364	2.077476703762089e-05
0.365	1.6865625350140156e-05
0.366	1.3161382040082602e-05
0.367	9.690135717590356e-06
0.368	6.4737907797673325e-06
0.369	3.528390058355646e-06
0.37	8.644985122985835e-07
0.371	1.5123728582175368e-06
0.372	3.601313239116756e-06
0.373	5.405538157658695e-06
0.374	6.931904679998292e-06
0.375	8.190424017795855e-06
0.376	9.193779106335241e-06
0.377	9.956853874141054e-06
0.378	1.0496280060596434e-05
0.379	1.083000656940462e-05
0.38	1.0976895486308523e-05
0.381	1.0956348052192403e-05
0.382	1.0787963078702281e-05
0.383	1.049122953249556e-05
0.384	1.008525430408696e-05
0.385	9.58852552425299e-06
0.386	9.01871119996403e-06
0.387	8.392492415901491e-06
0.388	7.725429888830677e-06
0.389	7.031862270771066e-06
0.39	6.324834272611984e-06
0.391	5.616052420725979e-06
0.392	4.915866062700261e-06
0.393	4.23327110124142e-06
0.394	3.5759338534227425e-06
0.395	2.9502324014368567e-06
0.396	2.3613128157953213e-06
0.397	1.8131576874664994e-06
0.398	1.3086644963945505e-06
0.399	8.497314648973272e-07
0.4	4.373486903205426e-07
0.401	7.169251690266088e-08
0.402	2.4777871282199243e-07
0.403	5.222291962243556e-07
0.404	7.53351971131307e-07
0.405	9.432782531570306e-07
0.406	1.0944908875050122e-06
0.40700000000000003	1.2097428009654779e-06
0.40800000000000003	1.291981155215805e-06
0.40900000000000003	1.3442777276629642e-06
0.41000000000000003	1.369765882679833e-06
0.41100000000000003	1.3715843457040286e-06
0.41200000000000003	1.3528278563082343e-06
0.41300000000000003	1.3165046547103002e-06
0.41400000000000003	1.265500649666005e-06
0.41500000000000004	1.2025500242800114e-06
0.41600000000000004	1.1302119598345204e-06
0.417	1.0508530957752492e-06
0.418	9.66635295888001e-07
0.419	8.795082556379327e-07
0.42	7.912064626583996e-07
0.421	7.032500104493239e-07
0.422	6.169487633361605e-07
0.423	5.334093775004383e-07
0.424	4.535446972479613e-07
0.425	3.7808506644947625e-07
0.426	3.0759112114148077e-07
0.427	2.4246765950061903e-07
0.428	1.8297821877118867e-07
0.429	1.2926002425678295e-07
0.43	8.133901229554864e-08
0.431	3.9144666418709856e-08
0.432	2.5244429299566033e-09
0.433	2.8742401682432514e-08
0.434	5.4931734307696146e-08
0.435	7.636233960565212e-08
0.436	9.338467431905479e-08
0.437	1.0637064227387527e-07
0.438	1.1570442515461429e-07
0.439	1.2177438121566409e-07
0.44	1.249660039719676e-07
0.441	1.256559155974342e-07
0.442	1.2420685519227333e-07
0.443	1.2096361016214996e-07
0.444	1.1624982954852807e-07
0.445	1.1036565109822436e-07
0.446	1.0358606897570214e-07
0.447	9.615996610430708e-08
0.448	8.830973396161017e-08
0.449	8.023140303443511e-08
0.45	7.2095208846521e-08
0.451	6.404652129397397e-08
0.452	5.6207068759114676e-08
0.453	4.8676392926630636e-08
0.454	4.1533475218649606e-08
0.455	3.48384811303816e-08
0.456	2.8634574334088467e-08
0.457	2.2949758094461375e-08
0.458	1.779870718265421e-08
0.459	1.3184558991312584e-08
0.46	9.100637852558338e-09
0.461	5.532091577774759e-09
0.462	2.457423917916975e-09
0.463	1.5008905358999816e-10
0.464	2.32110673343038e-09
0.465	4.0890605739115165e-09
0.466	5.489121022228784e-09
0.467	6.557293738728912e-09
0.468	7.3296417931699185e-09
0.46900000000000003	7.841628703940959e-09
0.47000000000000003	8.127575720756063e-09
0.47100000000000003	8.220225630166194e-09
0.47200000000000003	8.150404555981746e-09
0.47300000000000003	7.94677270259219e-09
0.47400000000000003	7.635654715866744e-09
0.47500000000000003	7.240940281873426e-09
0.47600000000000003	6.784045716223838e-09
0.47700000000000004	6.283927585691355e-09
0.47800000000000004	5.757139819803487e-09
0.47900000000000004	5.21792628581004e-09
0.48	4.678341390786442e-09
0.481	4.148391916512402e-09
0.482	3.6361939658918006e-09
0.483	3.148139585916464e-09
0.484	2.689068316081151e-09
0.485	2.262439579617631e-09
0.486	1.87050247711685e-09
0.487	1.5144601494768248e-09
0.488	1.1946264430688677e-09
0.489	9.10573129816268e-10
0.49	6.612664054945893e-10
0.491	4.45191809382677e-10
0.492	2.6046707712247217e-10
0.493	1.0494275705244431e-10
0.494	2.3709309955950765e-11
0.495	1.2791932360572132e-10
0.496	2.1015416642392374e-10
0.497	2.7286271100079647e-10
0.498	3.184310439574739e-10
0.499	3.491467867031517e-10
0.5	3.671716499291225e-10
0.501	3.7452134041029486e-10
0.502	3.7305194132532716e-10
0.503	3.644519074195307e-10
0.504	3.5023885058824894e-10
0.505	3.317603367806889e-10
0.506	3.101979687118784e-10
0.507	2.8657408821919e-10
0.508	2.6176049499547627e-10
0.509	2.364886429593892e-10
0.51	2.1136084005155233e-10
0.511	1.8686204042348442e-10
0.512	1.6337187871049876e-10
0.513	1.411766534971433e-10
0.514	1.2048102054825143e-10
0.515	1.0141920544354636e-10
0.516	8.406558964400111e-11
0.517	6.844456360111809e-11
0.518	5.4539575299253266e-11
0.519	4.2301332691202665e-11
0.52	3.165514404011767e-11
0.521	2.250740146401746e-11
0.522	1.4751230294901556e-11
0.523	8.271340547537757e-12
0.524	2.9481271957633916e-12
0.525	1.3389265565492038e-12
0.526	4.708483886368184e-12
0.527	7.275164980834459e-12
0.528	9.147870939275927e-12
0.529	1.0428558857553367e-11
0.53	1.1211407900508392e-11
0.531	1.1582319035850266e-11
0.532	1.161869469801459e-11
0.533	1.1389448758957995e-11
0.534	1.0955201617234671e-11
0.535	1.0368619816938918e-11
0.536	9.674864239899587e-12
0.537	8.912115467656394e-12
0.538	8.11214929626641e-12
0.539	7.300939539124996e-12
0.54	6.499269120938071e-12
0.541	5.72333401586363e-12
0.542	4.985327794398798e-12
0.543	4.293997408168343e-12
0.544	3.655163360466763e-12
0.545	3.0721995919245297e-12
0.546	2.54647027010907e-12
0.547	2.077722228719767e-12
0.548	1.6644330792439367e-12
0.549	1.3041160405156552e-12
0.55	9.935833256938874e-13
0.551	7.29170518230077e-13
0.552	5.069247844676729e-13
0.553	3.2276003575722456e-13
0.554	1.7258229114789128e-13
0.555	5.2388524961065466e-14
0.556	4.165776788284334e-14
0.557	1.1317117375809733e-13
0.558	1.655061824465514e-13
0.559	2.0173348647608546e-13
0.56	2.2462824245677063e-13
0.561	2.366680203675326e-13
0.562	2.4003841275816956e-13
0.5630000000000001	2.366445197089332e-13
0.5640000000000001	2.2812676163344855e-13
0.5650000000000001	2.1587969642760254e-13
0.5660000000000001	2.0107272701124061e-13
0.5670000000000001	1.8467177792616305e-13
0.5680000000000001	1.6746119412912323e-13
0.5690000000000001	1.5006527093757602e-13
0.5700000000000001	1.3296896130577732e-13
0.5710000000000001	1.16537425736274e-13
0.5720000000000001	1.0103419202241992e-13
0.5730000000000001	8.663777777830186e-14
0.5740000000000001	7.34566996250986e-14
0.5750000000000001	6.154285035298398e-14
0.5760000000000001	5.090327079929817e-14
0.577	4.1510378012463484e-14
0.578	3.331073690577177e-14
0.579	2.6232480383306177e-14
0.58	2.019149409157861e-14
0.581	1.5096487668530465e-14
0.582	1.0853075670222845e-14
0.583	7.366989188753701e-15
0.584	4.546534352046194e-15
0.585	2.304407129967486e-15
0.586	5.589657676427458e-16
0.587	7.649467648613916e-16
0.588	1.7355472581399885e-15
0.589	2.4139500485341964e-15
0.59	2.85423368636112e-15
0.591	3.1036808965644356e-15
0.592	3.2031445267738013e-15
0.593	3.187499824919519e-15
0.594	3.0861503374191147e-15
0.595	2.923560942042636e-15
0.596	2.7197970249620375e-15
0.597	2.491053597665758e-15
0.598	2.250162259479922e-15
0.599	2.007067389638787e-15
0.6	1.7692658504021118e-15
0.601	1.5422068550642204e-15
0.602	1.329650558940517e-15
0.603	1.1339854243560055e-15
0.604	9.565055474147496e-16
0.605	7.976499670066677e-16
0.606	6.572065536339161e-16
0.607	5.34483441514629e-16
0.608	4.284511618868103e-16
0.609	3.378586938191536e-16
0.61	2.613266019534526e-16
0.611	1.9742030499494775e-16
0.612	1.4470633689786632e-16
0.613	1.0179424330444343e-16
0.614	6.73665142283528e-17
0.615	4.019870253571294e-17
0.616	1.917162611318135e-17
0.617	3.2773070513589024e-18
0.618	8.379930929249486e-18
0.619	1.658600152469829e-17
0.62	2.2022223532850396e-17
0.621	2.527228708082677e-17
0.622	2.6830345972791833e-17
0.623	2.7109701675976063e-17
0.624	2.6451663496420776e-17
0.625	2.5134270807590635e-17
0.626	2.338064820235442e-17
0.627	2.1366834694111896e-17
0.628	1.9228985203313594e-17
0.629	1.706988813205113e-17
0.63	1.4964778399893654e-17
0.631	1.2966452350138715e-17
0.632	1.1109710789828952e-17
0.633	9.415170328768737e-18
0.634	7.892492232646232e-18
0.635	6.543083172493751e-18
0.636	5.362324379137746e-18
0.637	4.341385517833022e-18
0.638	3.4686776926616404e-18
0.639	2.730996877744526e-18
0.64	2.1144051651880806e-18
0.641	1.6048928488101568e-18
0.642	1.1888597877311269e-18
0.643	8.53449913386353e-19
0.644	5.8676830454322525e-19
0.645	3.7800606147604247e-19
0.646	2.174943316800046e-19
0.647	9.670531614939143e-20
0.648	8.21493599909332e-21
0.649	5.436093421793275e-20
0.65	9.644716862826547e-20
0.651	1.225995930453109e-19
0.652	1.3659899824403823e-19
0.653	1.415447266395436e-19
0.654	1.39944790035326e-19
0.655	1.3380044251176518e-19
0.656	1.2468390104480848e-19
0.657	1.1380850568678691e-19
0.658	1.0209106756938992e-19
0.659	9.020649062772869e-20
0.66	7.86349932373402e-20
0.661	6.77024177415407e-20
0.662	5.761421544770832e-20
0.663	4.848374601267509e-20
0.664	4.03555449464367e-20
0.665	3.3224200962873977e-20
0.666	2.704945403882775e-20
0.667	2.1768081688535167e-20
0.668	1.730309014890602e-20
0.669	1.3570672782753177e-20
0.67	1.0485342957714475e-20
0.671	7.963595066853939e-21
0.672	5.926396692943629e-21
0.673	4.30076813395924e-21
0.674	3.020663147662372e-21
0.675	2.027327072412231e-21
0.676	1.269275441707767e-21
0.677	7.020076673135185e-22
0.678	2.8754604254558065e-22
0.679	6.1301355214355316e-24
0.68	2.0570249600683998e-22
0.681	3.3314463546438833e-22
0.682	4.0633853226265446e-22
0.683	4.396574922745302e-22
0.684	4.445037265458467e-22
0.685	4.29793971447876e-22
0.686	4.02390526037144e-22
0.687	3.674779523185996e-22
0.6880000000000001	3.288876803514288e-22
0.6890000000000001	2.893740681330877e-22
0.6900000000000001	2.5084624288920986e-22
0.6910000000000001	2.1456042601330452e-22
0.6920000000000001	1.8127752497779812e-22
0.6930000000000001	1.5139064792010685e-22
0.6940000000000001	1.2502692835071332e-22
0.6950000000000001	1.0212769151054468e-22
0.6960000000000001	8.251059070393953e-23
0.6970000000000001	6.59169214642701e-23
0.6980000000000001	5.2046905266918536e-23
0.6990000000000001	4.0585337571145187e-23
0.7000000000000001	3.121962686020391e-23
0.7010000000000001	2.3651917621770216e-23
0.7020000000000001	1.760669338678743e-23
0.7030000000000001	1.2834996328961644e-23
0.704	9.116176266137166e-24
0.705	6.257891913157506e-24
0.706	4.09492800036062e-24
0.707	2.4872601586402877e-24
0.708	1.3176919528391428e-24
0.709	4.893018579752004e-25
0.71	7.713076796873196e-26
0.711	4.45605395879759e-25
0.712	6.67211690407811e-25
0.713	7.822295954777511e-25
0.714	8.219980825217483e-25
0.715	8.105488335009209e-25
0.716	7.660123331100899e-25
0.717	7.018110979084559e-25
0.718	6.276590414520958e-25
0.719	5.503880463161591e-25
0.72	4.74623310005091e-25
0.721	4.0332844195746815e-25
0.722	3.382399911604033e-25
0.723	2.80209364260868e-25
0.724	2.294681639883857e-25
0.725	1.8583098906590878e-25
0.726	1.4884779466363873e-25
0.727	1.1791608569385626e-25
0.728	9.23615452777631e-26
0.729	7.149420862712198e-26
0.73	5.464598483355315e-26
0.731	4.1194201955837064e-26
0.732	3.0574893972400474e-26
0.733	2.2288747210363775e-26
0.734	1.5901962272458798e-26
0.735	1.1043748076025602e-26
0.736	7.401730509769677e-27
0.737	4.716213462870591e-27
0.738	2.7739599831226706e-27
0.739	1.4019530132812592e-27
0.74	4.614370857195203e-28
0.741	1.57575340854296e-28
0.742	5.412349094190853e-28
0.743	7.561864420550369e-28
0.744	8.533041809245476e-28
0.745	8.70862175802389e-28
0.746	8.371868697951955e-28
0.747	7.728471785320854e-28
0.748	6.924400961403478e-28
0.749	6.060288734296037e-28
0.75	5.202874414356442e-28
0.751	4.393999875454295e-28
0.752	3.657591457035251e-28
0.753	3.0050063528247575e-28
0.754	2.4390670907507835e-28
0.755	1.9570565991606737e-28
0.756	1.552900072202689e-28
0.757	1.218718937581715e-28
0.758	9.45906787488991e-29
0.759	7.258469549985861e-29
0.76	5.503661158697507e-29
0.761	4.119973807343284e-29
0.762	3.041092842696229e-29
0.763	2.2094334398438428e-29
0.764	1.5759194460527448e-29
0.765	1.0993973871009433e-29
0.766	7.458512368325063e-30
0.767	4.8753295223075435e-30
0.768	3.020857634925447e-30
0.769	1.717091490479722e-30
0.77	8.239413289226487e-31
0.771	2.324322563079323e-31
0.772	1.4120455021538833e-31
0.773	3.605675688414891e-31
0.774	4.7330569521786275e-31
0.775	5.146038525111091e-31
0.776	5.10022677441376e-31
0.777	4.777826802516561e-31
0.778	4.305791916972408e-31
0.779	3.7700723606025725e-31
0.78	3.2266673542947283e-31
0.781	2.710092036056566e-31
0.782	2.2397801424007773e-31
0.783	1.8248584962513954e-31
0.784	1.4676528749024582e-31
0.785	1.16621765421036e-31
0.786	9.161239011184702e-32
0.787	7.116918940916706e-32
0.788	5.46813637815382e-32
0.789	4.154778855836244e-32
0.79	3.120835162032735e-32
0.791	2.3160587627646642e-32
0.792	1.6966400107936588e-32
0.793	1.2252366377353481e-32
0.794	8.706126815689756e-33
0.795	6.070608969123572e-33
0.796	4.137277393448344e-33
0.797	2.739189913956994e-33
0.798	1.7443456747244265e-33
0.799	1.0496023170545421e-33
0.8	5.752969095381587e-34
0.801	2.6061065328641836e-34
0.802	5.965761157531195e-35
0.803	6.175737450238524e-35
0.804	1.287844447385887e-34
0.805	1.5965761021521885e-34
0.806	1.6738550805807457e-34
0.807	1.6107763260377882e-34
0.808	1.4697217545987423e-34
0.809	1.2922314428881559e-34
0.81	1.1049587723440681e-34
0.811	9.24119731360083e-35
0.812	7.587732071813118e-35
0.8130000000000001	6.132047116291706e-35
0.8140000000000001	4.886308777572013e-35
0.8150000000000001	3.843958626473684e-35
0.8160000000000001	2.987927330355926e-35
0.8170000000000001	2.2961204586646902e-35
0.8180000000000001	1.74495159401764e-35
0.8190000000000001	1.31150342799643e-35
0.8200000000000001	9.747458888032707e-36
0.8210000000000001	7.161237170945471e-36
0.8220000000000001	5.1973732148795013e-36
0.8230000000000001	3.722743281721404e-36
0.8240000000000001	2.6280011615122533e-36
0.8250000000000001	1.8247982752129597e-36
0.8260000000000001	1.242786698732951e-36
0.8270000000000001	8.266925861202077e-37
0.8280000000000001	5.3362306240694804e-37
0.8290000000000001	3.306863061532984e-37
0.8300000000000001	1.929506539871777e-37
0.8310000000000001	1.017354234913996e-37
0.8320000000000001	4.320731229466436e-38
0.833	7.246978471137439e-39
0.834	1.3452643025400856e-38
0.835	2.409396565898497e-38
0.836	2.832305445053651e-38
0.837	2.8649329915835323e-38
0.838	2.676302495551077e-38
0.839	2.377245812181432e-38
0.84	2.0379230706627763e-38
0.841	1.7005955673592778e-38
0.842	1.3888125244111616e-38
0.843	1.1139211971790356e-38
0.844	8.796037554667974e-39
0.845	6.8497823182673e-39
0.846	5.266689314176616e-39
0.847	4.001484385320063e-39
0.848	3.0057357452005896e-39
0.849	2.23276797150316e-39
0.85	1.6402867169891796e-39
0.851	1.1915291943377448e-39
0.852	8.55504809402348e-40
0.853	6.067086366248221e-40
0.854	4.245606631149161e-40
0.855	2.927325245889949e-40
0.856	1.984605275493048e-40
0.857	1.3190126917139377e-40
0.858	8.55582488699386e-41
0.859	5.379015299467589e-41
0.86	3.2400796168842686e-41
0.861	1.8304717881419727e-41
0.862	9.259526068529011e-42
0.863	3.6551088473050405e-42
0.864	3.5001969961763773e-43
0.865	1.45384221507358e-42
0.866	2.3060252309622712e-42
0.867	2.5783686215034975e-42
0.868	2.5173233379679062e-42
0.869	2.2821356413979335e-42
0.87	1.9723752051680447e-42
0.871	1.6475286981377227e-42
0.872	1.3407555161166365e-42
0.873	1.0684000903423254e-42
0.874	8.364581427871954e-43
0.875	6.448851476227963e-43
0.876	4.903979711509238e-43
0.877	3.6824088895605415e-43
0.878	2.7325268410547753e-43
0.879	2.0047214507770648e-43
0.88	1.4544674492827705e-43
0.881	1.0435700853004936e-43
0.882	7.403189995757601e-44
0.883	5.190450019797309e-44
0.884	3.5939259582606435e-44
0.885	2.4549916807905927e-44
0.886	1.651908282692791e-44
0.887	1.092525155772329e-44
0.888	7.079721941215815e-45
0.889	4.4739561239719313e-45
0.89	2.7368051624677943e-45
0.891	1.6004939905185107e-45
0.892	8.74058623253018e-46
0.893	4.229287389487522e-46
0.894	1.5345553437571028e-46
0.895	1.3398782464956686e-48
0.896	7.691585916331258e-47
0.897	1.1024725791619148e-46
0.898	1.1752868219762682e-46
0.899	1.1078158651405542e-46
0.9	9.74336766840537e-47
0.901	8.18893980415625e-47
0.902	6.660668344653668e-47
0.903	5.282400056880928e-47
0.904	4.104283380873164e-47
0.905	3.134141707100579e-47
0.906	2.357372860679901e-47
0.907	1.7491745886433919e-47
0.908	1.2817342383921422e-47
0.909	9.281884458933211e-48
0.91	6.645696019577744e-48
0.911	4.7054438797994316e-48
0.912	3.294661907199058e-48
0.913	2.28070837998596e-48
0.914	1.560167606412317e-48
0.915	1.0538674208186758e-48
0.916	7.02148030447617e-49
0.917	4.606854281790543e-49
0.918	2.9697485428924754e-49
0.919	1.874688883923523e-49
0.92	1.1530838640055254e-49
0.921	6.856116247418826e-50
0.922	3.887905077714645e-50
0.923	2.0489865995881253e-50
0.924	9.451334717305147e-51
0.925	3.1060606403720123e-51
0.926	3.1177070954003097e-52
0.927	1.956831029684924e-51
0.928	2.5702768251852535e-51
0.929	2.6173764801023556e-51
0.93	2.382189609043206e-51
0.931	2.0318692025095632e-51
0.932	1.659732768864384e-51
0.933	1.3136749506995391e-51
0.934	1.0145877827153863e-51
0.935	7.680617157237785e-52
0.936	5.716354564132039e-52
0.937	4.191463941159919e-52
0.9380000000000001	3.0322909575736416e-52
0.9390000000000001	2.166586419108121e-52
0.9400000000000001	1.529947460458617e-52
0.9410000000000001	1.068194150418059e-52
0.9420000000000001	7.375192182124824e-53
0.9430000000000001	5.035322693858302e-53
0.9440000000000001	3.3985757248226547e-53
0.9450000000000001	2.2665256145786025e-53
0.9460000000000001	1.4923471296391725e-53
0.9470000000000001	9.689789515076964e-54
0.9480000000000001	6.193903751260106e-54
0.9490000000000001	3.888440123112039e-54
0.9500000000000001	2.389034431851825e-54
0.9510000000000001	1.4288936700361573e-54
0.9520000000000001	8.249512857239961e-55
0.9530000000000001	4.530488845846522e-55
0.9540000000000001	2.2999130969279626e-55
0.9550000000000001	1.0073915748174055e-55
0.9560000000000001	2.9379683705995286e-56
0.9570000000000001	7.16333203486672e-57
0.9580000000000001	2.3460479803360915e-56
0.9590000000000001	2.8523567165934456e-56
0.96	2.778647540325098e-56
0.961	2.4419758158573917e-56
0.962	2.0191158141294227e-56
0.963	1.6020408484856259e-56
0.964	1.233082804664432e-56
0.965	9.267690191681279e-57
0.966	6.830554297501328e-57
0.967	4.9509751799517485e-57
0.968	3.536219383211663e-57
0.969	2.4923322232609303e-57
0.97	1.735042054051929e-57
0.971	1.1937935892305626e-57
0.972	8.121323124066546e-58
0.973	5.4634337706686176e-58
0.974	3.634245625509528e-58
0.975	2.3897010873992666e-58
0.976	1.5524441770613017e-58
0.977	9.95550381172166e-59
0.978	6.29432198323754e-59
0.979	3.916579654790365e-59
0.98	2.3924253267637238e-59
0.981	1.4293322927944106e-59
0.982	8.305042541939652e-60
0.983	4.6507031737671957e-60
0.984	2.4702792028794253e-60
0.985	1.2055904126626827e-60
0.986	4.9916135407271686e-61
0.987	1.2538028735225619e-61
0.988	5.581132835300442e-62
0.989	1.2970766282056398e-61
0.99	1.4706184744833713e-61
0.991	1.3720203237900693e-61
0.992	1.1642300256735752e-61
0.993	9.327541811856199e-62
0.994	7.184375876900791e-62
0.995	5.3738126888527585e-62
0.996	3.927595722498386e-62
0.997	2.816213296265005e-62
0.998	1.986467203092888e-62
0.999	1.3810080309727738e-62
1.0	9.475138061991434e-63
1.0010000000000001	6.421654283845752e-63
1.002	4.301709911657382e-63
1.0030000000000001	2.849160319276576e-63
1.004	1.8660535433245532e-63
1.0050000000000001	1.2084204647569216e-63
1.006	7.734918699053605e-64
1.0070000000000001	4.8908367415841255e-64
1.008	3.052190061450219e-64
1.0090000000000001	1.8774888160225808e-64
1.01	1.1362553373718602e-64
1.0110000000000001	6.747626733531358e-65
1.012	3.916530326681217e-65
1.0130000000000001	2.2086246669832496e-65
1.014	1.198324829054221e-65
1.0150000000000001	6.147810447262102e-66
1.016	2.878277573007683e-66
1.0170000000000001	1.1204120298794466e-66
1.018	2.311698046649335e-67
1.0190000000000001	1.747411279122926e-67
1.02	3.2334039779553403e-67
1.0210000000000001	3.4379196302484754e-67
1.022	3.0743753810578976e-67
1.0230000000000001	2.5185162168330155e-67
1.024	1.9542356669530785e-67
1.025	1.4602992590415386e-67
1.026	1.0607498323703115e-67
1.027	7.533692230061718e-68
1.028	5.251414095023313e-68
1.029	3.601984000541028e-68
1.03	2.4354934047084614e-68
1.031	1.6253975673450261e-68
1.032	1.0716091623352247e-68
1.033	6.983314763154343e-69
1.034	4.499557321940975e-69
1.035	2.8668022393556876e-69
1.036	1.8058748508670005e-69
1.037	1.1242999664466665e-69
1.038	6.913700783134106e-70
1.039	4.195298311383399e-70
1.04	2.508689535880887e-70
1.041	1.4754270845925623e-70
1.042	8.510560679271184e-71
1.043	4.7947866128426336e-71
1.044	2.6216632311348208e-71
1.045	1.3766452413969647e-71
1.046	6.811883763700807e-72
1.047	3.0522531191899944e-72
1.048	1.1097424021076048e-72
1.049	1.728296403694353e-73
1.05	2.2728377613440123e-73
1.051	3.5513414717165556e-73
1.052	3.5562505899805833e-73
1.053	3.0501939268605197e-73
1.054	2.4117669453355385e-73
1.055	1.8115697926655535e-73
1.056	1.3124756978185811e-73
1.057	9.25209186627971e-74
1.058	6.3807170965472275e-74
1.059	4.3205773768490175e-74
1.06	2.8795518881898665e-74
1.061	1.892186916787424e-74
1.062	1.2273837424375276e-74
1.063	7.865575736533785e-75
1.064	4.982445564054624e-75
1.065	3.120593139924079e-75
1.066	1.932582601030017e-75
1.067	1.1832439582417676e-75
1.068	7.159355944258831e-76
1.069	4.278080464517888e-76
1.07	2.522129127818325e-76
1.071	1.4648973962025298e-76
1.072	8.365288519691224e-77
1.073	4.682810080240992e-77
1.074	2.558470132322769e-77
1.075	1.3550174156310088e-77
1.076	6.878391831759129e-78
1.077	3.2777887501666803e-78
1.078	1.4020080626890035e-78
1.079	4.722586974010944e-79
1.08	4.6023641921892716e-80
1.081	1.2287720987857469e-79
1.082	1.6786749983455058e-79
1.083	1.588440206693691e-79
1.084	1.3072943823306508e-79
1.085	9.97439736191933e-80
1.086	7.248822353001089e-80
1.087	5.088598254555169e-80
1.088	3.478737480943984e-80
1.089	2.327921381373473e-80
1.09	1.5300930068185632e-80
1.091	9.901155409810984e-81
1.092	6.31803598526531e-81
1.093	3.9801750928482085e-81
1.094	2.477326954116356e-81
1.095	1.5241856456435687e-81
1.096	9.271984597121025e-82
1.097	5.576974262282949e-82
1.098	3.316128474701501e-82
1.099	1.9484268409273378e-82
1.1	1.1304490759988963e-82
1.101	6.469596921389961e-83
1.102	3.646781413366667e-83
1.103	2.0202998262659448e-83
1.104	1.096590987372913e-83
1.105	5.804701923302681e-84
1.106	2.9748479200188572e-84
1.107	1.458123735866922e-84
1.108	6.681141161826179e-85
1.109	2.7200658178526084e-85
1.11	8.40127446167873e-86
1.111	2.391144671534543e-87
1.112	2.7298592406035617e-86
1.113	3.334779362358487e-86
1.114	2.9894812307778544e-86
1.115	2.3615259828036895e-86
1.116	1.738100319900823e-86
1.117	1.2214648861966505e-86
1.118	8.30280648155033e-87
1.119	5.500700905838043e-87
1.12	3.569133353044737e-87
1.121	2.2754218384877576e-87
1.122	1.4285044877602038e-87
1.123	8.844996042641559e-88
1.124	5.407309634367977e-88
1.125	3.266260453008935e-88
1.1260000000000001	1.9503084100702803e-88
1.127	1.151415363614407e-88
1.1280000000000001	6.721014645410067e-89
1.129	3.878055024719524e-89
1.1300000000000001	2.210891994195358e-89
1.131	1.244432243537044e-89
1.1320000000000001	6.907908096602069e-90
1.133	3.775788864855896e-90
1.1340000000000001	2.027563410024385e-90
1.135	1.066160353665903e-90
1.1360000000000001	5.462788684962755e-91
1.137	2.7063005177788183e-91
1.1380000000000001	1.2792882063061844e-91
1.139	5.626754703708442e-92
1.1400000000000001	2.173324792159335e-92
1.141	6.071875995229655e-93
1.1420000000000001	3.405308856870393e-94
1.143	2.4504969138951222e-93
1.1440000000000001	2.7182678392619083e-93
1.145	2.3132285701823025e-93
1.1460000000000001	1.7542067399498356e-93
1.147	1.245018955430288e-93
1.1480000000000001	8.455970657105858e-94
1.149	5.562053789963648e-94
1.1500000000000001	3.5685388410709354e-94
1.151	2.2434318670362817e-94
1.1520000000000001	1.3862232974484407e-94
1.153	8.43666212525921e-95
1.154	5.0648760969899816e-95
1.155	3.002447326498066e-95
1.156	1.7586952098263337e-95
1.157	1.0183480763614652e-95
1.158	5.830050529475488e-96
1.159	3.2999220546495752e-96
1.16	1.846200785163762e-96
1.161	1.0204241076505171e-96
1.162	5.567571408728304e-97
1.163	2.9952345217378294e-97
1.164	1.5861922069661257e-97
1.165	8.249168449087055e-98
1.166	4.1984726714804806e-98
1.167	2.0803246028590526e-98
1.168	9.952180619213747e-99
1.169	4.531385852566494e-99
1.17	1.909745136607378e-99
1.171	6.971906821143396e-100
1.172	1.729443113674112e-100
1.173	2.8446384043111104e-101
1.174	8.71496436024584e-101
1.175	8.875166300440487e-101
1.176	7.180910453128249e-101
1.177	5.2279397786600126e-101
1.178	3.5765651377464774e-101
1.179	2.3462998196075238e-101
1.18	1.4924293218329943e-101
1.181	9.266196703180835e-102
1.182	5.640011901023668e-102
1.183	3.375143197364788e-102
1.184	1.98981648107847e-102
1.185	1.1573247839192747e-102
1.186	6.647279923291122e-103
1.187	3.772782000070906e-103
1.188	2.1167794075503402e-103
1.189	1.1742275706730504e-103
1.19	6.439670197532685e-104
1.191	3.490474435800128e-104
1.192	1.868880635601542e-104
1.193	9.87625099385375e-105
1.194	5.145018814653693e-105
1.195	2.6376069252171413e-105
1.196	1.3273260421479507e-105
1.197	6.532859766126032e-106
1.198	3.12736115275138e-106
1.199	1.4432145795035532e-106
1.2	6.321233744440631e-107
1.201	2.5477908200499935e-107
1.202	8.752984636513984e-108
1.203	1.8768735663908552e-108
1.204	5.860121142655262e-109
1.205	1.2020590533596836e-108
1.206	1.1329375360694493e-108
1.207	8.725901297983106e-109
1.208	6.098643093338571e-109
1.209	4.019957518566281e-109
1.21	2.545718752868416e-109
1.211	1.5648275870413645e-109
1.212	9.395396619448027e-110
1.213	5.532568465649957e-110
1.214	3.2040610620748085e-110
1.215	1.8283949389191828e-110
1.216	1.0294798386531633e-110
1.217	5.7246320850706245e-111
1.218	3.145752850584312e-111
1.219	1.708840558128126e-111
1.22	9.177657928258022e-112
1.221	4.872753465790856e-112
1.222	2.556760605700726e-112
1.223	1.3250408602923575e-112
1.224	6.776554944656988e-113
1.225	3.415647665320687e-113
1.226	1.6936655413082687e-113
1.227	8.240099082340673e-114
1.228	3.918426102529839e-114
1.229	1.810521376325143e-114
1.23	8.051057791113307e-115
1.231	3.3876381726649453e-115
1.232	1.3030747209209077e-115
1.233	4.1912136959631196e-116
1.234	7.453542525546087e-117
1.235	3.964432687517678e-117
1.236	6.2886256908249986e-117
1.237	5.5186077802302646e-117
1.238	4.0498139717789765e-117
1.239	2.7169278724534612e-117
1.24	1.7247177492411703e-117
1.241	1.0536931335777361e-117
1.242	6.254895494172873e-118
1.243	3.629076264648055e-118
1.244	2.0659363230960027e-118
1.245	1.156969496458348e-118
1.246	6.385634829122308e-119
1.247	3.4779128448271237e-119
1.248	1.8708890925160967e-119
1.249	9.945825073324095e-120
1.25	5.2267946055360075e-120
1.2510000000000001	2.7156403569898062e-120
1.252	1.3947521870543577e-120
1.2530000000000001	7.078747261928949e-121
1.254	3.548004396984134e-121
1.2550000000000001	1.754592162266513e-121
1.256	8.54964950689482e-122
1.2570000000000001	4.097007102576582e-122
1.258	1.9254453086411954e-122
1.2590000000000001	8.838327972675608e-123
1.26	3.9378273183983474e-123
1.2610000000000001	1.6854755289496288e-123
1.262	6.803440118824855e-124
1.2630000000000001	2.4918394561988064e-124
1.264	7.457139479338129e-125
1.2650000000000001	1.0243917793876009e-125
1.266	9.276000733322928e-126
1.2670000000000001	1.2195455192225626e-125
1.268	1.0010758302723044e-125
1.2690000000000001	7.004414277330449e-126
1.27	4.5097576820504686e-126
1.2710000000000001	2.7557000148004623e-126
1.272	1.6231743955815215e-126
1.2730000000000001	9.298694435106095e-127
1.274	5.2096701381362865e-127
1.2750000000000001	2.864937343244201e-127
1.276	1.5503136629426493e-127
1.2770000000000001	8.269490181639152e-128
1.278	4.353323554771742e-128
1.2790000000000001	2.2636445028230916e-128
1.28	1.1632498341713021e-128
1.281	5.909349783220026e-129
1.282	2.9678069369048465e-129
1.283	1.473307630116534e-129
1.284	7.226785749711532e-130
1.285	3.5003182813849018e-130
1.286	1.6724557127394131e-130
1.287	7.871778036292305e-131
1.288	3.6423890184158577e-131
1.289	1.6520804818982345e-131
1.29	7.313630837344561e-132
1.291	3.1389601814478736e-132
1.292	1.2917435263882061e-132
1.293	4.9946299764110804e-133
1.294	1.7374844156183161e-133
1.295	4.801035493537169e-134
1.296	4.401697387022618e-135
1.297	7.55359115652212e-135
1.298	8.564599080807653e-135
1.299	6.599560902075049e-135
1.3	4.404872192457246e-135
1.301	2.7211044458137032e-135
1.302	1.5997026724148895e-135
1.303	9.07892658923482e-136
1.304	5.015803058581775e-136
1.305	2.71159059373707e-136
1.306	1.4394181674780967e-136
1.307	7.52070751076124e-137
1.308	3.8739893864630303e-137
1.309	1.9696483635375942e-137
1.31	9.892178509964624e-138
1.311	4.9100366935961943e-138
1.312	2.409226929273932e-138
1.313	1.1686519831844856e-138
1.314	5.603076057029056e-139
1.315	2.6541105664295814e-139
1.316	1.2412569126044356e-139
1.317	5.725402426377928e-140
1.318	2.600804026410702e-140
1.319	1.161037677972181e-140
1.32	5.077973615462626e-141
1.321	2.1659835558040674e-141
1.322	8.946221271071366e-142
1.323	3.53549074339485e-142
1.324	1.307439846983817e-142
1.325	4.30772050409738e-143
1.326	1.0885039971223178e-143
1.327	4.216460537270247e-145
1.328	2.1213584113644888e-144
1.329	2.127186554370196e-144
1.33	1.542950411932264e-144
1.331	9.827156745532789e-145
1.332	5.822905317426549e-145
1.333	3.291668673220089e-145
1.334	1.7988441277263165e-145
1.335	9.57732935434943e-146
1.336	4.992351147102514e-146
1.337	2.5562238190628786e-146
1.338	1.288561141261216e-146
1.339	6.404842370366779e-147
1.34	3.1425841000142016e-147
1.341	1.5232244184753007e-147
1.342	7.296935151700706e-148
1.343	3.4555223598868244e-148
1.344	1.6176513888476786e-148
1.345	7.48445285607788e-149
1.346	3.4209077621788942e-149
1.347	1.543510714684036e-149
1.348	6.867408471048604e-150
1.349	3.008253302376976e-150
1.35	1.2945152503404712e-150
1.351	5.454656419022302e-151
1.352	2.239708242232922e-151
1.353	8.893369325207914e-152
1.354	3.3711326772289796e-152
1.355	1.1903547039293917e-152
1.356	3.70286443727126e-153
1.357	8.449451702638939e-154
1.358	2.0865831818522817e-155
1.359	2.0226435073382996e-154
1.36	1.8244062325940086e-154
1.361	1.2483633653876825e-154
1.362	7.588573082002816e-155
1.363	4.31143063610506e-155
1.364	2.3422786173529987e-155
1.365	1.231725912838668e-155
1.366	6.315434829869692e-156
1.367	3.1719129838432235e-156
1.368	1.5653733422456295e-156
1.369	7.607204101017363e-157
1.37	3.6458169179824184e-157
1.371	1.724969050201527e-157
1.372	8.06286774131832e-158
1.373	3.724821653116734e-158
1.374	1.7010328940551227e-158
1.375	7.678911123464427e-159
1.3760000000000001	3.425773066581926e-159
1.377	1.5096506488015723e-159
1.3780000000000001	6.566217205719331e-160
1.379	2.8156485108362824e-160
1.3800000000000001	1.1883805640551493e-160
1.381	4.925269188699604e-161
1.3820000000000001	1.9976573424831116e-161
1.383	7.888546650659083e-162
1.3840000000000001	3.0082467075284444e-162
1.385	1.0924091047489636e-162
1.3860000000000001	3.676634327103726e-163
1.387	1.0759218636070057e-163
1.3880000000000001	2.1797059675897308e-164
1.389	2.267730016273012e-165
1.3900000000000001	6.423853433386015e-165
1.391	5.274882736548031e-165
1.3920000000000001	3.410618679137883e-165
1.393	1.9789343277945318e-165
1.3940000000000001	1.0776408443204028e-165
1.395	5.623188844533572e-166
1.3960000000000001	2.8435986521759e-166
1.397	1.403094558708727e-166
1.3980000000000001	6.784864263213886e-167
1.399	3.224867787204055e-167
1.4000000000000001	1.509683793180323e-167
1.401	6.970828772823768e-168
1.4020000000000001	3.177886135239135e-168
1.403	1.43131442916416e-168
1.4040000000000001	6.371558488854024e-169
1.405	2.8037574992526307e-169
1.4060000000000001	1.2195365276392461e-169
1.407	5.241883279137144e-170
1.408	2.2253031900511963e-170
1.409	9.322726268056845e-171
1.41	3.8496970238531043e-171
1.411	1.5642061972869455e-171
1.412	6.238443917265873e-172
1.413	2.433382958417255e-172
1.414	9.232660419491566e-173
1.415	3.377751749172351e-173
1.416	1.173560728428902e-173
1.417	3.7576407847297103e-174
1.418	1.030149751205429e-174
1.419	1.8087373810903544e-175
1.42	3.78316670684275e-176
1.421	6.655152952787905e-176
1.422	5.018621181139853e-176
1.423	3.0702184169030796e-176
1.424	1.7003575200745537e-176
1.425	8.871166187846954e-177
1.426	4.443493367496004e-177
1.427	2.159377987778216e-177
1.428	1.0246272335961222e-177
1.429	4.7668775225973745e-178
1.43	2.1804652795215222e-178
1.431	9.825521264747983e-179
1.432	4.367616659419432e-179
1.433	1.9170130157720048e-179
1.434	8.313181342844384e-180
1.435	3.5630970420146603e-180
1.436	1.5096048584105833e-180
1.437	6.321739295029401e-181
1.438	2.615846049911549e-181
1.439	1.0689196874731466e-181
1.44	4.3098064880714855e-182
1.441	1.7123858611620423e-182
1.442	6.6925750827834054e-183
1.443	2.5663036987169435e-183
1.444	9.618232227645523e-184
1.445	3.5029661134773715e-184
1.446	1.228159577078168e-184
1.447	4.0771839364875796e-185
1.448	1.2394468461184189e-185
1.449	3.1676221147389562e-186
1.45	4.64765176554869e-187
1.451	1.6733798260999159e-187
1.452	2.200050016547147e-187
1.453	1.5335602744129676e-187
1.454	8.885497461085967e-188
1.455	4.6965926235393944e-188
1.456	2.346517682622343e-188
1.457	1.1275614776761056e-188
1.458	5.262207181876935e-189
1.459	2.3994459265921905e-189
1.46	1.0731722188861985e-189
1.461	4.720615323434991e-190
1.462	2.045984068521654e-190
1.463	8.748691806250556e-191
1.464	3.694104325145562e-191
1.465	1.541180684809288e-191
1.466	6.3550444286044276e-192
1.467	2.590288723376815e-192
1.468	1.0434980896000004e-192
1.469	4.153359475627689e-193
1.47	1.6323383510019269e-193
1.471	6.328857979330895e-194
1.472	2.417511785197526e-194
1.473	9.080655368759654e-195
1.474	3.344934344636552e-195
1.475	1.203469188548789e-195
1.476	4.203187991116646e-196
1.477	1.410713899646421e-196
1.478	4.468571105494573e-197
1.479	1.2868491811005357e-197
1.48	3.0478658551907353e-198
1.481	3.5174869914085326e-199
1.482	2.125319094975884e-199
1.483	2.2684672926240198e-199
1.484	1.4689091842548836e-199
1.485	8.066700368628801e-200
1.486	4.0686788188390743e-200
1.487	1.945741873398302e-200
1.488	8.964082002874592e-201
1.489	4.014755729533717e-201
1.49	1.7578968380028306e-201
1.491	7.5529666119634495e-202
1.492	3.1924904383572053e-202
1.493	1.3298259554219593e-202
1.494	5.465736827535637e-203
1.495	2.2184968100196137e-203
1.496	8.897375120270851e-204
1.497	3.526843662665482e-204
1.498	1.3818554113708721e-204
1.499	5.350905478597497e-205
1.5	2.0469927802185624e-205
1.5010000000000001	7.73127439481112e-206
1.502	2.880127686366761e-206
1.5030000000000001	1.0568000066661507e-206
1.504	3.811800013728233e-207
1.5050000000000001	1.3476511424902491e-207
1.506	4.650388591796326e-208
1.5070000000000001	1.5560002047861424e-208
1.508	4.993703934369025e-209
1.5090000000000001	1.5071080581783188e-209
1.51	4.101395119423591e-210
1.5110000000000001	8.937849568167215e-211
1.512	7.217064749120648e-212
1.5130000000000001	7.858555948645262e-212
1.514	7.127910214287698e-212
1.5150000000000001	4.3040220410817047e-212
1.516	2.241460899444129e-212
1.5170000000000001	1.0785593921621377e-212
1.518	4.9345347943011245e-213
1.5190000000000001	2.1781981034299216e-213
1.52	9.355682122845607e-214
1.5210000000000001	3.930834157454524e-214
1.522	1.6212461198390903e-214
1.5230000000000001	6.579789251800569e-215
1.524	2.6321013511641007e-215
1.5250000000000001	1.0390352461173924e-215
1.526	4.050817681203717e-216
1.5270000000000001	1.5604890150660734e-216
1.528	5.941535624468921e-217
1.5290000000000001	2.2360141203965636e-217
1.53	8.31593644850047e-218
1.5310000000000001	3.055131890582102e-218
1.532	1.1079873731295168e-218
1.5330000000000001	3.962629297160969e-219
1.534	1.395532646679934e-219
1.5350000000000001	4.8294379966326895e-220
1.536	1.6373460220333745e-220
1.537	5.413992442712983e-221
1.538	1.7337321399471e-221
1.539	5.3143110158884534e-222
1.54	1.5257896694857e-222
1.541	3.913172566837919e-223
1.542	7.775707132887717e-224
1.543	3.2201959559489887e-225
1.544	8.407594986917151e-225
1.545	6.66623787526094e-225
1.546	3.7646723199475434e-225
1.547	1.8599520685229943e-225
1.548	8.535825681783143e-226
1.549	3.7341147675223265e-226
1.55	1.5783050944836247e-226
1.551	6.496663596696272e-227
1.552	2.617320238761406e-227
1.553	1.0354627379066172e-227
1.554	4.031957828060294e-228
1.555	1.5477307751365714e-228
1.556	5.86350383946475e-229
1.557	2.193966255805435e-229
1.558	8.111830717024184e-230
1.559	2.9643175778241912e-230
1.56	1.070662036215087e-230
1.561	3.8213028553087606e-231
1.562	1.347126312800186e-231
1.563	4.687365201983235e-232
1.564	1.6080788724207573e-232
1.565	5.43095576906308e-233
1.566	1.8016960391305745e-233
1.567	5.852473352448329e-234
1.568	1.852591285342139e-234
1.569	5.6721625869270875e-235
1.57	1.658630857529854e-235
1.571	4.522919971907262e-236
1.572	1.0898669401943758e-236
1.573	1.9517745873509302e-237
1.574	9.108993921683937e-240
1.575	2.5655520450942713e-238
1.576	1.8119390173770854e-238
1.577	9.59233796543081e-239
1.578	4.496945467315734e-239
1.579	1.967646592791619e-239
1.58	8.226024770334493e-240
1.581	3.32707529592229e-240
1.582	1.3115278675641028e-240
1.583	5.062697568854849e-241
1.584	1.919753111237562e-241
1.585	7.166584126558167e-242
1.586	2.6378092536706746e-242
1.587	9.582952299390743e-243
1.588	3.4386666605347924e-243
1.589	1.219286252371923e-243
1.59	4.2730043722523864e-244
1.591	1.4800112220069283e-244
1.592	5.065201452186146e-245
1.593	1.7120624608263422e-245
1.594	5.71085107113526e-246
1.595	1.877805762435132e-246
1.596	6.076702633869473e-247
1.597	1.930856411331953e-247
1.598	6.003954198622457e-248
1.599	1.8177508803428618e-248
1.6	5.315713196911135e-249
1.601	1.4810392578669166e-249
1.602	3.829191423166929e-250
1.603	8.639184861740811e-251
1.604	1.3727873513071693e-251
1.605	8.362916876694953e-253
1.606	2.1923580730581203e-252
1.607	1.3974283637828605e-252
1.608	6.947434932641229e-253
1.609	3.0909002057551227e-253
1.61	1.2889521132663248e-253
1.611	5.146753284365648e-254
1.612	1.990620381552595e-254
1.613	7.509494265298404e-255
1.614	2.7754443170094485e-255
1.615	1.0079830171693954e-255
1.616	3.604720500358726e-256
1.617	1.2712091947135067e-256
1.618	4.425137736106155e-257
1.619	1.5215737329682918e-257
1.62	5.170002726044145e-258
1.621	1.7361768465029991e-258
1.622	5.762110014326106e-259
1.623	1.889452023314681e-259
1.624	6.118322993606737e-260
1.625	1.9548753913248284e-260
1.6260000000000001	6.1557495151044655e-261
1.627	1.9071365639889583e-261
1.6280000000000001	5.799188299224472e-262
1.629	1.724635055973759e-262
1.6300000000000001	4.989313109499628e-263
1.631	1.3921030160905011e-263
1.6320000000000001	3.690877319777375e-264
1.633	9.031040450355591e-265
1.6340000000000001	1.900090404473876e-265
1.635	2.6212801112023294e-266
1.6360000000000001	3.497339271637229e-267
1.637	5.139995624571092e-267
1.6380000000000001	2.9851110989593812e-267
1.639	1.395643057822253e-267
1.6400000000000001	5.892598204173951e-268
1.641	2.3410006512552786e-268
1.6420000000000001	8.92272328989966e-269
1.643	3.297953001009968e-269
1.6440000000000001	1.1897722511606078e-269
1.645	4.207083549000565e-270
1.6460000000000001	1.4622775568724355e-270
1.647	5.0057069172186e-271
1.6480000000000001	1.690001811034931e-271
1.649	5.632615773087929e-272
1.6500000000000001	1.8544236703646728e-272
1.651	6.033150651905411e-273
1.6520000000000001	1.939886731826439e-273
1.653	6.164126533016718e-274
1.6540000000000001	1.9350765244490002e-274
1.655	5.998126259705997e-275
1.6560000000000001	1.834222282966645e-275
1.657	5.5267008731580785e-276
1.6580000000000001	1.637889281831129e-276
1.659	4.762100888232329e-277
1.6600000000000001	1.353261941326851e-277
1.661	3.737293848428949e-278
1.6620000000000001	9.938654906708767e-279
1.663	2.5041890784788313e-279
1.6640000000000001	5.787296782453004e-280
1.665	1.1301722770451548e-280
1.666	1.3105557443595403e-281
1.667	3.0677051531918006e-282
1.668	3.2350084970453356e-282
1.669	1.723909094354925e-282
1.67	7.587733281552716e-283
1.671	3.0400683852100785e-283
1.672	1.1500780730655322e-283
1.673	4.1817848987884906e-284
1.674	1.476069229904081e-284
1.675	5.088749308719913e-285
1.676	1.7202862891676443e-285
1.677	5.718041115194793e-286
1.678	1.8722559213022735e-286
1.679	6.046791033100892e-287
1.68	1.9280582563091154e-287
1.681	6.073073220666634e-288
1.682	1.890323762028941e-288
1.683	5.81501264693166e-289
1.684	1.7676848722951443e-289
1.685	5.308271146557614e-290
1.686	1.5737596361027503e-290
1.687	4.6022287249813865e-291
1.688	1.325787008772539e-291
1.689	3.7552880717734114e-292
1.69	1.0430606720835934e-292
1.691	2.8297895017802435e-293
1.692	7.453182011028755e-294
1.693	1.8870270870197616e-294
1.694	4.512349790209149e-295
1.695	9.828079673028343e-296
1.696	1.7714958840204963e-296
1.697	1.639052250075547e-297
1.698	6.3886742934267145e-298
1.699	5.343657984226283e-298
1.7	2.6268483524979945e-298
1.701	1.0893510607470807e-298
1.702	4.1410675545846484e-299
1.703	1.4910741991674392e-299
1.704	5.168985692208888e-300
1.705	1.7412105388030868e-300
1.706	5.732269179448011e-301
1.707	1.8512470514570444e-301
1.708	5.88000814569103e-302
1.709	1.8401057715676985e-302
1.71	5.680699460081403e-303
1.711	1.7315218541966705e-303
1.712	5.213897846097588e-304
1.713	1.5514488294310472e-304
1.714	4.562335422797167e-305
1.715	1.3257192740814942e-305
1.716	3.805139271026319e-306
1.717	1.0781278054381806e-306
1.718	3.01256709117811e-307
1.719	8.290344424769135e-308
1.72	2.242462108283063e-308
1.721	5.945188460642345e-309
1.722	1.53842595540011e-309
1.723	3.8605701914719e-310
1.724	9.2954197535016e-311
1.725	2.1064675722896e-311
1.726	4.313632352726e-312
1.727	7.12790354824e-313
1.728	4.7813744036e-314
1.729	3.2360219943e-314
1.73	2.2636483503e-314
1.731	1.0307168507e-314
1.732	4.02963391e-315
1.733	1.45307922e-315
1.734	4.9773878e-316
1.735	1.6440215e-316
1.736	5.281461e-317
1.737	1.6591283e-317
1.738	5.114854e-318
1.739	1.551257e-318
1.74	4.6355e-319
1.741	1.36767e-319
1.742	3.9827e-320
1.743	1.1497e-320
1.744	3.246e-321
1.745	9.6e-322
1.746	2.1e-322
1.747	0.0
1.748	0.0
1.749	0.0
1.75	0.0
1.7510000000000001	0.0
1.752	0.0
1.7530000000000001	0.0
1.754	0.0
1.7550000000000001	0.0
1.756	0.0
1.7570000000000001	0.0
1.758	0.0
1.7590000000000001	0.0
1.76	0.0
1.7610000000000001	0.0
1.762	0.0
1.7630000000000001	0.0
1.764	0.0
1.7650000000000001	0.0
1.766	0.0
1.7670000000000001	0.0
1.768	0.0
1.7690000000000001	0.0
1.77	0.0
1.7710000000000001	0.0
1.772	0.0
1.7730000000000001	0.0
1.774	0.0
1.7750000000000001	0.0
1.776	0.0
1.7770000000000001	0.0
1.778	0.0
1.7790000000000001	0.0
1.78	0.0
1.7810000000000001	0.0
1.782	0.0
1.7830000000000001	0.0
1.784	0.0
1.7850000000000001	0.0
1.786	0.0
1.7870000000000001	0.0
1.788	0.0
1.7890000000000001	0.0
1.79	0.0
1.7910000000000001	0.0
1.792	0.0
1.793	0.0
1.794	0.0
1.795	0.0
1.796	0.0
1.797	0.0
1.798	0.0
1.799	0.0
1.8	0.0
1.801	0.0
1.802	0.0
1.803	0.0
1.804	0.0
1.805	0.0
1.806	0.0
1.807	0.0
1.808	0.0
1.809	0.0
1.81	0.0
1.811	0.0
1.812	0.0
1.813	0.0
1.814	0.0
1.815	0.0
1.816	0.0
1.817	0.0
1.818	0.0
1.819	0.0
1.82	0.0
1.821	0.0
1.822	0.0
1.823	0.0
1.824	0.0
1.825	0.0
1.826	0.0
1.827	0.0
1.828	0.0
1.829	0.0
1.83	0.0
1.831	0.0
1.832	0.0
1.833	0.0
1.834	0.0
1.835	0.0
1.836	0.0
1.837	0.0
1.838	0.0
1.839	0.0
1.84	0.0
1.841	0.0
1.842	0.0
1.843	0.0
1.844	0.0
1.845	0.0
1.846	0.0
1.847	0.0
1.848	0.0
1.849	0.0
1.85	0.0
1.851	0.0
1.852	0.0
1.853	0.0
1.854	0.0
1.855	0.0
1.856	0.0
1.857	0.0
1.858	0.0
1.859	0.0
1.86	0.0
1.861	0.0
1.862	0.0
1.863	0.0
1.864	0.0
1.865	0.0
1.866	0.0
1.867	0.0
1.868	0.0
1.869	0.0
1.87	0.0
1.871	0.0
1.872	0.0
1.873	0.0
1.874	0.0
1.875	0.0
1.8760000000000001	0.0
1.877	0.0
1.8780000000000001	0.0
1.879	0.0
1.8800000000000001	0.0
1.881	0.0
1.8820000000000001	0.0
1.883	0.0
1.8840000000000001	0.0
1.885	0.0
1.8860000000000001	0.0
1.887	0.0
1.8880000000000001	0.0
1.889	0.0
1.8900000000000001	0.0
1.891	0.0
1.8920000000000001	0.0
1.893	0.0
1.8940000000000001	0.0
1.895	0.0
1.8960000000000001	0.0
1.897	0.0
1.8980000000000001	0.0
1.899	0.0
1.9000000000000001	0.0
1.901	0.0
1.9020000000000001	0.0
1.903	0.0
1.9040000000000001	0.0
1.905	0.0
1.9060000000000001	0.0
1.907	0.0
1.9080000000000001	0.0
1.909	0.0
1.9100000000000001	0.0
1.911	0.0
1.9120000000000001	0.0
1.913	0.0
1.9140000000000001	0.0
1.915	0.0
1.9160000000000001	0.0
1.917	0.0
1.9180000000000001	0.0
1.919	0.0
1.92	0.0
1.921	0.0
1.922	0.0
1.923	0.0
1.924	0.0
1.925	0.0
1.926	0.0
1.927	0.0
1.928	0.0
1.929	0.0
1.93	0.0
1.931	0.0
1.932	0.0
1.933	0.0
1.934	0.0
1.935	0.0
1.936	0.0
1.937	0.0
1.938	0.0
1.939	0.0
1.94	0.0
1.941	0.0
1.942	0.0
1.943	0.0
1.944	0.0
1.945	0.0
1.946	0.0
1.947	0.0
1.948	0.0
1.949	0.0
1.95	0.0
1.951	0.0
1.952	0.0
1.953	0.0
1.954	0.0
1.955	0.0
1.956	0.0
1.957	0.0
1.958	0.0
1.959	0.0
1.96	0.0
1.961	0.0
1.962	0.0
1.963	0.0
1.964	0.0
1.965	0.0
1.966	0.0
1.967	0.0
1.968	0.0
1.969	0.0
1.97	0.0
1.971	0.0
1.972	0.0
1.973	0.0
1.974	0.0
1.975	0.0
1.976	0.0
1.977	0.0
1.978	0.0
1.979	0.0
1.98	0.0
1.981	0.0
1.982	0.0
1.983	0.0
1.984	0.0
1.985	0.0
1.986	0.0
1.987	0.0
1.988	0.0
1.989	0.0
1.99	0.0
1.991	0.0
1.992	0.0
1.993	0.0
1.994	0.0
1.995	0.0
1.996	0.0
1.997	0.0
1.998	0.0
1.999	0.0
