0.0	1.0
0.001	0.9999998618571306
0.002	0.9999988948575796
0.003	0.9999962701492261
0.004	0.9999911588948344
0.005	0.9999827322892285
0.006	0.9999701615833361
0.007	0.9999526181151007
0.008	0.9999292733472604
0.009000000000000001	0.9998992989119906
0.01	0.999861866662407
0.011	0.9998161487309255
0.012	0.9997613175944721
0.013000000000000001	0.9996965461465352
0.014	0.9996210077760537
0.015	0.9995338764531267
0.016	0.9994343268215367
0.017	0.999321534298067
0.018000000000000002	0.9991946751786015
0.019	0.9990529267509832
0.02	0.9988954674146129
0.021	0.9987214768067618
0.022	0.9985301359355728
0.023	0.9983206273197178
0.024	0.9980921351346794
0.025	0.9978438453656211
0.026000000000000002	0.9975749459668025
0.027	0.997284627027501
0.028	0.9969720809443869
0.029	0.9966365026003065
0.03	0.9962770895494123
0.031	0.9958930422085863
0.032	0.995483564055088
0.033	0.995047861830362
0.034	0.9945851457499322
0.035	0.9940946297193043
0.036000000000000004	0.9935755315557951
0.037	0.993027073216202
0.038	0.9924484810302199
0.039	0.9918389859395094
0.04	0.9911978237423132
0.041	0.9905242353435127
0.042	0.989817467010013
0.043000000000000003	0.9890767706313364
0.044	0.9883014039852998
0.045	0.9874906310086484
0.046	0.986643722072507
0.047	0.9857599542625085
0.048	0.984838611663453
0.049	0.9838789856483424
0.05	0.9828803751716323
0.051000000000000004	0.9818420870665345
0.052000000000000005	0.9807634363461996
0.053	0.9796437465086004
0.054	0.9784823498449343
0.055	0.9772785877513518
0.056	0.9760318110438165
0.057	0.9747413802758952
0.058	0.9734066660592653
0.059000000000000004	0.9720270493867298
0.06	0.9706019219575149
0.061	0.9691306865046251
0.062	0.967612757124022
0.063	0.9660475596053887
0.064	0.9644345317642323
0.065	0.9627731237750768
0.066	0.9610627985054873
0.067	0.9593030318506636
0.068	0.9574933130683364
0.069	0.9556331451136916
0.07	0.9537220449740433
0.07100000000000001	0.9517595440029742
0.07200000000000001	0.9497451882536504
0.073	0.9476785388110207
0.074	0.945559172122599
0.075	0.9433866803275275
0.076	0.9411606715836135
0.077	0.9388807703920272
0.078	0.9365466179193456
0.079	0.9341578723166223
0.08	0.9317142090351611
0.081	0.9292153211386665
0.082	0.9266609196114421
0.083	0.9240507336623056
0.084	0.9213845110238846
0.085	0.9186620182469586
0.08600000000000001	0.9158830409895067
0.08700000000000001	0.9130473843001231
0.088	0.9101548728954578
0.089	0.9072053514313401
0.09	0.9041986847672441
0.091	0.9011347582237514
0.092	0.898013477832669
0.093	0.8948347705794603
0.094	0.8915985846376469
0.095	0.8883048895948428
0.096	0.8849536766700805
0.097	0.8815449589220943
0.098	0.878078771448225
0.099	0.8745551715736173
0.1	0.8709742390303793
0.101	0.8673360761263829
0.10200000000000001	0.8636408079033822
0.10300000000000001	0.8598885822841372
0.10400000000000001	0.8560795702082306
0.105	0.8522139657562735
0.106	0.8482919862622011
0.107	0.8443138724133662
0.108	0.8402798883381427
0.109	0.8361903216807637
0.11	0.8320454836631207
0.111	0.8278457091332624
0.112	0.8235913566003392
0.113	0.8192828082557477
0.114	0.8149204699802407
0.115	0.8105047713367768
0.116	0.8060361655488936
0.117	0.8015151294644027
0.11800000000000001	0.7969421635042112
0.11900000000000001	0.792317791596089
0.12	0.7876425610932144
0.121	0.7829170426773394
0.122	0.7781418302464324
0.123	0.7733175407866674
0.124	0.7684448142286437
0.125	0.7635243132877335
0.126	0.7585567232884687
0.127	0.7535427519728952
0.128	0.7484831292928356
0.129	0.7433786071860178
0.13	0.7382299593360435
0.131	0.7330379809161852
0.132	0.7278034883170178
0.133	0.7225273188579059
0.134	0.7172103304823886
0.135	0.7118534014375146
0.136	0.7064574299372036
0.137	0.7010233338097234
0.138	0.6955520501293916
0.139	0.6900445348326294
0.14	0.6845017623185079
0.14100000000000001	0.6789247250339544
0.14200000000000002	0.6733144330437926
0.14300000000000002	0.6676719135858207
0.14400000000000002	0.6619982106111387
0.145	0.6562943843099625
0.146	0.6505615106231742
0.147	0.6448006807398837
0.148	0.6390130005812825
0.149	0.6331995902711034
0.15	0.6273615835930036
0.151	0.6215001274352175
0.152	0.6156163812228326
0.153	0.6097115163380686
0.154	0.6037867155289495
0.155	0.5978431723067777
0.156	0.591882090332838
0.157	0.5859046827947678
0.158	0.5799121717730559
0.159	0.5739057875981376
0.16	0.5678867681985748
0.161	0.5618563584408218
0.162	0.5558158094610918
0.163	0.5497663779898517
0.164	0.5437093256694884
0.165	0.5376459183656972
0.166	0.5315774254731594
0.167	0.5255051192160872
0.168	0.5194302739442167
0.169	0.5133541654248542
0.17	0.5072780701315749
0.171	0.501203264530191
0.17200000000000001	0.49513102436261425
0.17300000000000001	0.4890626239292368
0.17400000000000002	0.4829993353704714
0.17500000000000002	0.4769424279480898
0.176	0.47089316732700554
0.177	0.46485281485815244
0.178	0.45882262686311204
0.179	0.45280385392114475
0.18	0.4467977401592833
0.181	0.4408055225461466
0.182	0.4348284301901298
0.183	0.4288676836426316
0.184	0.42292449420696904
0.185	0.41700006325363537
0.186	0.41109558154254816
0.187	0.405212228552932
0.188	0.3993511718214744
0.189	0.3935135662893866
0.19	0.38770055365899586
0.191	0.3819132617604847
0.192	0.3761528039293857
0.193	0.3704202783954313
0.194	0.3647167676833439
0.195	0.3590433380261456
0.196	0.3534010387915477
0.197	0.34779090192197465
0.198	0.34221394138875555
0.199	0.3366711526610072
0.2	0.3311635121897159
0.201	0.32569197690750473
0.202	0.3202574837445641
0.203	0.314860949161197
0.20400000000000001	0.3095032686974189
0.20500000000000002	0.30418531654002845
0.20600000000000002	0.2989079451075478
0.20700000000000002	0.29367198465341204
0.20800000000000002	0.28847824288776197
0.209	0.2833275046181787
0.21	0.27822053140967196
0.211	0.2731580612642159
0.212	0.2681408083200977
0.213	0.2631694625713266
0.214	0.2582446896073248
0.215	0.2533671303730963
0.216	0.24853740095004967
0.217	0.24375609235762039
0.218	0.23902377037581984
0.219	0.234340975388808
0.22	0.22970822224956355
0.221	0.22512600016570297
0.222	0.22059477260646812
0.223	0.21611497723088366
0.224	0.21168702583705523
0.225	0.20731130433255707
0.226	0.20298817272583133
0.227	0.19871796513849585
0.228	0.19450098983843447
0.229	0.19033752929351705
0.23	0.18622784024577246
0.231	0.182172153805816
0.232	0.1781706755673059
0.233	0.1742235857411816
0.234	0.17033103930941504
0.23500000000000001	0.1664931661979808
0.23600000000000002	0.16271007146873168
0.23700000000000002	0.15898183552984368
0.23800000000000002	0.15530851436447304
0.23900000000000002	0.151690139777249
0.24	0.14812671965820542
0.241	0.14461823826373554
0.242	0.14116465651413687
0.243	0.13776591230729307
0.244	0.1344219208480267
0.245	0.13113257499263684
0.246	0.1278977456081236
0.247	0.12471728194558424
0.248	0.12159101202725427
0.249	0.11851874304665332
0.25	0.11550026178128307
0.251	0.11253533501731483
0.252	0.1096237099856938
0.253	0.10676511480907667
0.254	0.10395925895901394
0.255	0.10120583372277735
0.256	0.09850451267923026
0.257	0.09585495218312962
0.258	0.09325679185724768
0.259	0.09070965509169479
0.26	0.08821314954982377
0.261	0.08576686768009495
0.262	0.08337038723327934
0.263	0.08102327178437835
0.264	0.07872507125863988
0.265	0.07647532246105225
0.266	0.07427354960870063
0.267	0.07211926486537543
0.268	0.07001196887782503
0.269	0.0679511513130538
0.27	0.06593629139606963
0.271	0.06396685844749563
0.272	0.06204231242046699
0.273	0.0601621044362429
0.274	0.05832567731797483
0.275	0.056532466122080974
0.276	0.05478189866668937
0.277	0.05307339605662271
0.278	0.051406373204411715
0.279	0.04978023934683614
0.28	0.04819439855650663
0.281	0.046648250248014375
0.28200000000000003	0.04514118967819143
0.28300000000000003	0.04367260844003854
0.28400000000000003	0.04224189494989411
0.28500000000000003	0.04084843492743323
0.28600000000000003	0.039491611868103405
0.28700000000000003	0.03817080750761927
0.28800000000000003	0.03688540227815664
0.289	0.035634775755903826
0.29	0.034418307099644864
0.291	0.03323537548006963
0.292	0.03208536049952037
0.293	0.030967642601906382
0.294	0.029881603472534036
0.295	0.028826626427619406
0.296	0.02780209679326895
0.297	0.026807402273731483
0.298	0.025841933308744482
0.299	0.024905083419815014
0.3	0.023996249545294404
0.301	0.02311483236412422
0.302	0.022260236608148395
0.303	0.02143187136290508
0.304	0.020629150356828677
0.305	0.019851492238810366
0.306	0.019098320844082278
0.307	0.01836906544840741
0.308	0.017663161010573636
0.309	0.016980048403206646
0.31	0.01631917463193198
0.311	0.015679993042931915
0.312	0.01506196351895788
0.313	0.014464552663873342
0.314	0.013887233975816706
0.315	0.013329488009086404
0.316	0.012790802524864494
0.317	0.01227067263090688
0.318	0.011768600910340684
0.319	0.011284097539720837
0.32	0.010816680396508889
0.321	0.010365875156147624
0.322	0.009931215378914712
0.323	0.009512242586748626
0.324	0.009108506330248043
0.325	0.008719564246054873
0.326	0.008344982104838479
0.327	0.007984333850105755
0.328	0.007637201628068408
0.329	0.0073031758088046295
0.33	0.0069818549989580925
0.331	0.0066728460462216815
0.332	0.006375764035858153
0.333	0.006090232279513216
0.334	0.005815882296580384
0.335	0.005552353788379127
0.336	0.005299294605410451
0.337	0.005056360707955546
0.338	0.004823216120284386
0.339	0.004599532878742049
0.34	0.004384990973980461
0.341	0.00417927828760345
0.342	0.003982090523491995
0.343	0.00379313113407572
0.34400000000000003	0.0036121112418150154
0.34500000000000003	0.003438749556156463
0.34600000000000003	0.00327277228622167
0.34700000000000003	0.003113913049487279
0.34800000000000003	0.002961912776710693
0.34900000000000003	0.002816519613352801
0.35000000000000003	0.0026774888177453146
0.35100000000000003	0.002544582656246382
0.352	0.002417570295623879
0.353	0.002296227692901246
0.354	0.00218033748289611
0.355	0.002069688863676739
0.356	0.0019640774801563165
0.357	0.0018633053060396795
0.358	0.0017671805243313628
0.359	0.00167551740660833
0.36	0.001588136191254713
0.361	0.0015048629608499123
0.362	0.0014255295188953538
0.363	0.0013499732660589186
0.364	0.0012780370761098219
0.365	0.001209569171710311
0.366	0.0011444230002242205
0.367	0.0010824571096959387
0.368	0.0010235350251468957
0.369	0.0009675251253302323
0.37	0.0009143005200778662
0.371	0.0008637389283677117
0.372	0.0008157225572324493
0.373	0.0007701379816248411
0.374	0.000726876025348339
0.375	0.0006858316431554676
0.376	0.0006469038041102928
0.377	0.0006099953763052834
0.378	0.0005750130130167979
0.379	0.0005418670403776456
0.38	0.0005104713466393409
0.381	0.0004807432730910738
0.382	0.0004526035066968497
0.383	0.00042597597450690463
0.384	0.0004007877398942204
0.385	0.000376968900661853
0.386	0.0003544524890618306
0.387	0.00033317437376154287
0.388	0.00031307316378889627
0.389	0.00029409011448297084
0.39	0.00027616903547260114
0.391	0.0002592562007010678
0.392	0.0002433002605111021
0.393	0.0002282521558004894
0.394	0.00021406503425490291
0.395	0.00020069416866101675
0.396	0.00018809687729959745
0.397	0.0001762324464150479
0.398	0.00016506205475482692
0.399	0.0001545487001692763
0.4	0.0001446571282596549
0.401	0.00013535376305960788
0.402	0.00012660663973287122
0.403	0.0001183853392677528
0.404	0.0001106609251468061
0.405	0.00010340588196814994
0.406	9.65940559930536e-05
0.40700000000000003	9.020059759272687e-05
0.40800000000000003	8.420190556569977e-05
0.40900000000000003	7.857557329576726e-05
0.41000000000000003	7.330033671918294e-05
0.41100000000000003	6.835602406862962e-05
0.41200000000000003	6.372350736045454e-05
0.41300000000000003	5.93846555907348e-05
0.41400000000000003	5.532228960493385e-05
0.41500000000000004	5.152013860521052e-05
0.41600000000000004	4.796279825884745e-05
0.417	4.463569037077621e-05
0.418	4.1525024082774444e-05
0.419	3.861775856161317e-05
0.42	3.5901567138207633e-05
0.421	3.336480285969576e-05
0.422	3.099646541631377e-05
0.423	2.8786169404953426e-05
0.424	2.6724113891382206e-05
0.425	2.4801053233258444e-05
0.426	2.300826912629565e-05
0.427	2.1337543836206245e-05
0.428	1.9781134579386015e-05
0.429	1.8331749015683164e-05
0.43	1.69825218170237e-05
0.431	1.572699227613694e-05
0.432	1.4559082920136592e-05
0.433	1.3473079094258622e-05
0.434	1.246360948163956e-05
0.435	1.1525627525626025e-05
0.436	1.0654393721744137e-05
0.437	9.845458747116347e-06
0.438	9.094647395792732e-06
0.439	8.398043289163227e-06
0.44	7.751974331328916e-06
0.441	7.152998880036796e-06
0.442	6.597892604519589e-06
0.443	6.083636002324738e-06
0.444	5.607402547968209e-06
0.445	5.166547447001971e-06
0.446	4.758596969840333e-06
0.447	4.381238340446258e-06
0.448	4.03231015573333e-06
0.449	3.7097933122907347e-06
0.45	3.41180241778521e-06
0.451	3.1365776651351347e-06
0.452	2.882477148285485e-06
0.453	2.6479695991380764e-06
0.454	2.4316275259070325e-06
0.455	2.2321207338754563e-06
0.456	2.0482102102233157e-06
0.457	1.8787423552789014e-06
0.458	1.7226435432155139e-06
0.459	1.5789149958713798e-06
0.46	1.4466279540124955e-06
0.461	1.3249191309859764e-06
0.462	1.212986434324241e-06
0.463	1.1100849414577136e-06
0.464	1.0155231162760902e-06
0.465	9.286592538443017e-07
0.466	8.488981411299842e-07
0.467	7.756879221335906e-07
0.468	7.08517156330787e-07
0.46900000000000003	6.469120598390664e-07
0.47000000000000003	5.904339192067547e-07
0.47100000000000003	5.386766681928742e-07
0.47200000000000003	4.912646183606787e-07
0.47300000000000003	4.4785033474622165e-07
0.47400000000000003	4.081126482863402e-07
0.47500000000000003	3.7175479709797706e-07
0.47600000000000003	3.385026890930944e-07
0.47700000000000004	3.08103278790881e-07
0.47800000000000004	2.803230515516229e-07
0.47900000000000004	2.5494660880490483e-07
0.48	2.3177534817899192e-07
0.481	2.106262327585756e-07
0.482	1.9133064400498957e-07
0.483	1.7373331316667124e-07
0.484	1.5769132628862695e-07
0.485	1.4307319819808888e-07
0.486	1.2975801109992583e-07
0.487	1.176346136600034e-07
0.488	1.0660087668793347e-07
0.489	9.656300175288683e-08
0.49	8.743487927773202e-08
0.491	7.913749285805879e-08
0.492	7.159836674403109e-08
0.493	6.475105360481483e-08
0.494	5.853465986793787e-08
0.495	5.2893406089678706e-08
0.496	4.7776219967817606e-08
0.497	4.31363597551403e-08
0.498	3.893106597131251e-08
0.499	3.512123944245738e-08
0.5	3.167114382229033e-08
0.501	2.8548130866318257e-08
0.502	2.5722386841687346e-08
0.503	2.3166698560066795e-08
0.504	2.0856237619775977e-08
0.505	1.8768361536478517e-08
0.506	1.6882430529447863e-08
0.507	1.517963881291992e-08
0.508	1.3642859319650451e-08
0.509	1.2256500856718234e-08
0.51	1.100637676211365e-08
0.511	9.879584194943476e-09
0.512	8.864393252389124e-09
0.513	7.950145163090774e-09
0.514	7.127158859591199e-09
0.515	6.386645282061165e-09
0.516	5.720628811924235e-09
0.517	5.1218752773833404e-09
0.518	4.583826013393944e-09
0.519	4.1005374964929515e-09
0.52	3.666626110231775e-09
0.521	3.277217629926217e-09
0.522	2.927901046164559e-09
0.523	2.614686375143366e-09
0.524	2.33396613055438e-09
0.525	2.082480156547863e-09
0.526	1.8572835443611442e-09
0.527	1.6557173766359092e-09
0.528	1.4753820633561375e-09
0.529	1.314113051819024e-09
0.53	1.1699587101944356e-09
0.531	1.041160200123434e-09
0.532	9.261331685336449e-10
0.533	8.234511024872741e-10
0.534	7.318302034993967e-10
0.535	6.501156494380493e-10
0.536	5.772691229088982e-10
0.537	5.123574949965319e-10
0.538	4.5454256243869677e-10
0.539	4.0307174480319404e-10
0.54	3.5726965606933175e-10
0.541	3.165304722347383e-10
0.542	2.8031102321745504e-10
0.543	2.4812454344430953e-10
0.544	2.1953502114817898e-10
0.545	1.9415209157483662e-10
0.546	1.7162642405861108e-10
0.547	1.5164555729635247e-10
0.548	1.3393014116055402e-10
0.549	1.182305470723624e-10
0.55	1.0432381232888435e-10
0.551	9.201088687047714e-11
0.552	8.111415380453877e-11
0.553	7.147519759311295e-11
0.554	6.295279618140655e-11
0.555	5.5421115510665055e-11
0.556	4.8768086838074365e-11
0.557	4.289394909359891e-11
0.558	3.770994015287902e-11
0.559	3.313712240948624e-11
0.56	2.910532940089521e-11
0.561	2.555222149157221e-11
0.562	2.242243975377182e-11
0.5630000000000001	1.9666848221423672e-11
0.5640000000000001	1.724185563353694e-11
0.5650000000000001	1.5108808638864988e-11
0.5660000000000001	1.323344921051045e-11
0.5670000000000001	1.1585429724493243e-11
0.5680000000000001	1.0137879796279215e-11
0.5690000000000001	8.86701954959376e-12
0.5700000000000001	7.751814517789638e-12
0.5710000000000001	6.773667854412621e-12
0.5720000000000001	5.916145960846182e-12
0.5730000000000001	5.164734029061823e-12
0.5740000000000001	4.506618350273827e-12
0.5750000000000001	3.930492559088723e-12
0.5760000000000001	3.4263852706605313e-12
0.577	2.9855068282534323e-12
0.578	2.600113113064612e-12
0.579	2.2633845795467907e-12
0.58	1.969318869943068e-12
0.581	1.7126355332859331e-12
0.582	1.4886915285046044e-12
0.583	1.2934063301662861e-12
0.584	1.1231955802357816e-12
0.585	9.749123414225675e-13
0.586	8.457951084260509e-13
0.587	7.33421823802032e-13
0.588	6.356692262693673e-13
0.589	5.50676931973955e-13
0.59	4.76815714358832e-13
0.591	4.1265950660922787e-13
0.592	3.569607028315336e-13
0.593	3.086283808032202e-13
0.594	2.667091108545371e-13
0.595	2.3037005271706156e-13
0.596	1.9888407545396795e-13
0.597	1.7161666528321237e-13
0.598	1.4801441258841565e-13
0.599	1.2759489301688174e-13
0.6	1.0993777859085362e-13
0.601	9.467703347744067e-14
0.602	8.149406571836555e-14
0.603	7.011172103155815e-14
0.604	6.028901795953346e-14
0.605	5.181653533096456e-14
0.606	4.4512373380425925e-14
0.607	3.8218619079016785e-14
0.608	3.2798254392864004e-14
0.609	2.8132453421395008e-14
0.61	2.4118220774843163e-14
0.611	2.0666329222045267e-14
0.612	1.769951965680402e-14
0.613	1.5150930866882048e-14
0.614	1.2962730509140506e-14
0.615	1.1084922155552901e-14
0.616	9.474306329594676e-15
0.617	8.093576147004572e-15
0.618	6.910530550237678e-15
0.619	5.897390218670239e-15
0.62	5.030203079324412e-15
0.621	4.2883279644756185e-15
0.622	3.6539863886946544e-15
0.623	3.1118736714723863e-15
0.624	2.6488217328206274e-15
0.625	2.253506856091695e-15
0.626	1.9161965606135307e-15
0.627	1.628530470687088e-15
0.628	1.3833307195042295e-15
0.629	1.1744379976442266e-15
0.63	9.96569855743809e-16
0.631	8.451983083202521e-16
0.632	7.164441681608093e-16
0.633	6.069858748829073e-16
0.634	5.139808731316659e-16
0.635	4.3499785062629414e-16
0.636	3.679583684839993e-16
0.637	3.1108660997879227e-16
0.638	2.628661426856552e-16
0.639	2.2200273594050172e-16
0.64	1.8739240345715391e-16
0.641	1.5809395219196917e-16
0.642	1.3330541524816216e-16
0.643	1.123438306179365e-16
0.644	9.462790049470705e-17
0.645	7.966312917177794e-17
0.646	6.702909242215649e-17
0.647	5.636853881483509e-17
0.648	4.737806461737175e-17
0.649	3.9800139593679824e-17
0.65	3.3416291855192465e-17
0.651	2.8041286595768537e-17
0.652	2.3518156587808008e-17
0.653	1.971396221975627e-17
0.654	1.6516176032355307e-17
0.655	1.3829601526940627e-17
0.656	1.1573748790791963e-17
0.657	9.680600487474571e-18
0.658	8.092711233519826e-18
0.659	6.76159153446648e-18
0.66	5.646334463371155e-18
0.661	4.7124492896898146e-18
0.662	3.930871441284159e-18
0.663	3.2771226244584493e-18
0.664	2.7305987378332054e-18
0.665	2.2739664832386854e-18
0.666	1.8926523765006764e-18
0.667	1.5744102584884088e-18
0.668	1.3089554586344438e-18
0.669	1.0876555180956136e-18
0.67	9.032688798480834e-19
0.671	7.497242345271502e-19
0.672	6.219343049257131e-19
0.673	5.15638785596513e-19
0.674	4.2727195004402725e-19
0.675	3.5385111637961574e-19
0.676	2.928827400847806e-19
0.677	2.4228339430656083e-19
0.678	2.0031331643855077e-19
0.679	1.6552055537487472e-19
0.68	1.3669405597330362e-19
0.681	1.1282427381538004e-19
0.682	9.307013105302553e-20
0.683	7.673130875304984e-20
0.684	6.322502762357162e-20
0.685	5.2066601540243776e-20
0.686	4.285316047876014e-20
0.687	3.525003436824875e-20
0.6880000000000001	2.897936962018274e-20
0.6890000000000001	2.3810617884476368e-20
0.6900000000000001	1.9552593832826447e-20
0.6910000000000001	1.6046847080459186e-20
0.6920000000000001	1.3162134101397124e-20
0.6930000000000001	1.0789810333129086e-20
0.6940000000000001	8.83999159259173e-21
0.6950000000000001	7.238358275304894e-21
0.6960000000000001	5.923496294596734e-21
0.6970000000000001	4.844685940828526e-21
0.6980000000000001	3.960064311869303e-21
0.6990000000000001	3.235099117823486e-21
0.7000000000000001	2.641321860637888e-21
0.7010000000000001	2.155276941618316e-21
0.7020000000000001	1.7576504180239074e-21
0.7030000000000001	1.4325481340881823e-21
0.704	1.1668979778908542e-21
0.705	9.499552201875535e-22
0.706	7.728934066243375e-22
0.707	6.284662119028026e-22
0.708	5.1072811697684425e-22
0.709	4.1480381692712376e-22
0.71	3.3669797389786767e-22
0.711	2.731383519225699e-22
0.712	2.214465552204101e-22
0.713	1.7943157770857439e-22
0.714	1.4530219181746169e-22
0.715	1.1759488666734253e-22
0.716	9.511463224741644e-23
0.717	7.688621665721793e-23
0.718	6.211429379963022e-23
0.719	5.015060258453789e-23
0.72	4.0467086925776475e-23
0.721	3.263386794851465e-23
0.722	2.630120367194491e-23
0.723	2.1184723495384102e-23
0.724	1.7053350509360722e-23
0.725	1.3719428483652898e-23
0.726	1.1030656099510124e-23
0.727	8.863501708769667e-24
0.728	7.117830205784156e-24
0.729	5.712521636860744e-24
0.73	4.5819007279704876e-24
0.731	3.672829061784536e-24
0.732	2.9423384031996104e-24
0.733	2.3557056714089793e-24
0.734	1.884888124333439e-24
0.735	1.5072521507558989e-24
0.736	1.2045412293342453e-24
0.737	9.620385845225153e-25
0.738	7.678882373910153e-25
0.739	6.125448360626845e-25
0.74	4.883281210444684e-25
0.741	3.8906235341836226e-25
0.742	3.097846883135106e-25
0.743	2.4650946005250443e-25
0.744	1.9603778028098105e-25
0.745	1.558038359823047e-25
0.746	1.2375089240781814e-25
0.747	9.823132376192114e-26
0.748	7.792606700708176e-26
0.749	6.177976648029668e-26
0.75	4.894858604436728e-26
0.751	3.8758241424733083e-26
0.752	3.0670272885810187e-26
0.753	2.4254957642524662e-26
0.754	1.916956884389198e-26
0.755	1.5140937035732604e-26
0.756	1.1951471658377256e-26
0.757	9.42796328352602e-27
0.758	7.432619205977046e-27
0.759	5.855891590896717e-27
0.76	4.610743441300694e-27
0.761	3.62806709835789e-27
0.762	2.853025989862748e-27
0.763	2.2421354727763733e-27
0.764	1.760934960636287e-27
0.765	1.3821327767373968e-27
0.766	1.0841286985694703e-27
0.767	8.498380661888572e-28
0.768	6.65756513160856e-28
0.769	5.212165676858867e-28
0.77	4.077971484378726e-28
0.771	3.1885481656694853e-28
0.772	2.4915192298752286e-28
0.773	1.9456181534666822e-28
0.774	1.5183528909925074e-28
0.775	1.1841568082967717e-28
0.776	9.229256935453838e-29
0.777	7.188609981737174e-29
0.778	5.595558124118143e-29
0.779	4.352731174776334e-29
0.78	3.383762438908323e-29
0.781	2.628797357261519e-29
0.782	2.0409540099031197e-29
0.783	1.583535604647622e-29
0.784	1.2278366471049157e-29
0.785	9.514175002615811e-30
0.786	7.367482356285121e-30
0.787	5.7014344881627344e-30
0.788	4.409261715704699e-30
0.789	3.4077204593988e-30
0.79	2.6319524024642103e-30
0.791	2.031457427902894e-30
0.792	1.5669411475034143e-30
0.793	1.2078487385949935e-30
0.794	9.30436974159687e-31
0.795	7.162680110510817e-31
0.796	5.5103346704569175e-31
0.797	4.236369793303498e-31
0.798	3.2547891101953864e-31
0.799	2.4989904200774637e-31
0.8	1.9174264487920432e-31
0.801	1.4702285827238397e-31
0.802	1.126581655152845e-31
0.803	8.626841007236815e-32
0.804	6.601640317785862e-32
0.805	5.048501723242676e-32
0.806	3.858187988947505e-32
0.807	2.9465521111668665e-32
0.808	2.2488183347134686e-32
0.809	1.715156550893919e-32
0.81	1.307259917145689e-32
0.811	9.95700097648951e-33
0.812	7.57884840300598e-33
0.8130000000000001	5.764817941128889e-33
0.8140000000000001	4.3820297182170755e-33
0.8150000000000001	3.328679847033557e-33
0.8160000000000001	2.5268261382573688e-33
0.8170000000000001	1.91683601561016e-33
0.8180000000000001	1.4531166094354253e-33
0.8190000000000001	1.1008332001827213e-33
0.8200000000000001	8.333889873965871e-34
0.8210000000000001	6.304908984987443e-34
0.8220000000000001	4.766661941085414e-34
0.8230000000000001	3.6012559506958083e-34
0.8240000000000001	2.718925900707032e-34
0.8250000000000001	2.0513706665196074e-34
0.8260000000000001	1.546656733055282e-34
0.8270000000000001	1.1653232149503399e-34
0.8280000000000001	8.774071445728855e-35
0.8290000000000001	6.601731863185954e-35
0.8300000000000001	4.963821798691733e-35
0.8310000000000001	3.729715533500812e-35
0.8320000000000001	2.800503392845893e-35
0.833	2.1013432704643382e-35
0.834	1.5756438200576365e-35
0.835	1.1806437811813482e-35
0.836	8.840547134104777e-36
0.837	6.615131330531907e-36
0.838	4.9464828088461865e-36
0.839	3.696178054381759e-36
0.84	2.7599883629622942e-36
0.841	2.0594878990207774e-36
0.842	1.5357074986251285e-36
0.843	1.1443389282180931e-36
0.844	8.521133827335367e-37
0.845	6.3406865871479455e-37
0.846	4.714884028376668e-37
0.847	3.5034926418395107e-37
0.848	2.601516061353637e-37
0.849	1.9303966726316358e-37
0.85	1.4313999449774939e-37
0.851	1.060643559421329e-37
0.852	7.853650836698809e-38
0.853	5.811216108896056e-38
0.854	4.2969016238102017e-38
0.855	3.1749462866581877e-38
0.856	2.3442805330387342e-38
0.857	1.7297153810119737e-38
0.858	1.2753553862563625e-38
0.859	9.396777452581087e-39
0.86	6.918587685628943e-39
0.861	5.0903352391191047e-39
0.862	3.742530841471195e-39
0.863	2.749628992167519e-39
0.864	2.018701734906013e-39
0.865	1.4810141287879535e-39
0.866	1.0857625918128307e-39
0.867	7.954242282133012e-40
0.868	5.823051933587959e-40
0.869	4.259808337963828e-40
0.87	3.1139859075146137e-40
0.871	2.274731041151246e-40
0.872	1.6604657925449867e-40
0.873	1.2112001609276781e-40
0.874	8.828514902887169e-41
0.875	6.430500508409779e-41
0.876	4.680442640011749e-41
0.877	3.404189638185426e-41
0.878	2.474143423555356e-41
0.879	1.7968836034665322e-41
0.88	1.3040631051440446e-41
0.881	9.457154805261551e-42
0.882	6.85338699888964e-42
0.883	4.962865697714337e-42
0.884	3.591219389452036e-42
0.885	2.5967679352103927e-42
0.886	1.8763150873151692e-42
0.887	1.3547509673490487e-42
0.888	9.774484834536539e-43
0.889	7.0470707674770884e-43
0.89	5.076955732819336e-43
0.891	3.654918936104378e-43
0.892	2.6292470160344917e-43
0.893	1.8900092897535434e-43
0.894	1.357610025311581e-43
0.895	9.7446068590509e-44
0.896	6.989263870297025e-44
0.897	5.009288215813246e-44
0.898	3.5875479282250127e-44
0.899	2.567415460285776e-44
0.9	1.8359928307435052e-44
0.901	1.3119637594497945e-44
0.902	9.36803198679185e-45
0.903	6.684211757617853e-45
0.904	4.765703113410219e-45
0.905	3.39530158703396e-45
0.906	2.4171519805731242e-45
0.907	1.7195049415382616e-45
0.908	1.2222960476813884e-45
0.909	8.682055057741216e-46
0.91	6.1622803539085694e-46
0.911	4.370516848837416e-46
0.912	3.097392297012696e-46
0.913	2.1934681776707324e-46
0.914	1.5521647325791857e-46
0.915	1.097527153619303e-46
0.916	7.754670789449364e-47
0.917	5.474969776498492e-47
0.918	3.8625133725698563e-47
0.919	2.722875694244493e-47
0.92	1.9180274737061471e-47
0.921	1.3500525126565435e-47
0.922	9.495437260470966e-48
0.923	6.673403504752082e-48
0.924	4.68648844964445e-48
0.925	3.2886306973157644e-48
0.926	2.3059489641979106e-48
0.927	1.615663617854416e-48
0.928	1.1311455969403977e-48
0.929	7.913197821187251e-49
0.93	5.531604557379821e-49
0.931	3.863807297584212e-49
0.932	2.696774672350394e-49
0.933	1.880781623169006e-49
0.934	1.3106786780416957e-49
0.935	9.126786386174863e-50
0.936	6.350427572365641e-50
0.937	4.415207494939956e-50
0.9380000000000001	3.067340431602146e-50
0.9390000000000001	2.1292918414303394e-50
0.9400000000000001	1.4769656358049806e-50
0.9410000000000001	1.023687078657118e-50
0.9420000000000001	7.089658596526223e-51
0.9430000000000001	4.9061896602360915e-51
0.9440000000000001	3.392531537307073e-51
0.9450000000000001	2.3440325837812266e-51
0.9460000000000001	1.6183156175846036e-51
0.9470000000000001	1.1164062942831827e-51
0.9480000000000001	7.69556370343415e-52
0.9490000000000001	5.3005062266450274e-52
0.9500000000000001	3.647981697071514e-52
0.9510000000000001	2.508684130880144e-52
0.9520000000000001	1.7238401229710552e-52
0.9530000000000001	1.183600929117062e-52
0.9540000000000001	8.1202716921575e-53
0.9550000000000001	5.566630741491266e-53
0.9560000000000001	3.8130324160079325e-53
0.9570000000000001	2.6097833230629667e-53
0.9580000000000001	1.7848179140904302e-53
0.9590000000000001	1.2196592995231351e-53
0.96	8.327946705610949e-54
0.961	5.681876288712908e-54
0.962	3.8734653966722396e-54
0.963	2.6385255147771913e-54
0.964	1.7958756687757423e-54
0.965	1.2213614987449065e-54
0.966	8.29974625904442e-55
0.967	5.6355677581326696e-55
0.968	3.823511908413279e-55
0.969	2.592022513312742e-55
0.97	1.755764575425686e-55
0.971	1.1883507000301086e-55
0.972	8.036620137240728e-56
0.973	5.430656918234938e-56
0.974	3.666747832781328e-56
0.975	2.4737688234100608e-56
0.976	1.6675782068944055e-56
0.977	1.1232126367822396e-56
0.978	7.559377994063288e-57
0.979	5.0834445937872766e-57
0.98	3.415684255985797e-57
0.981	2.2932139377576738e-57
0.982	1.5383611324778789e-57
0.983	1.0311421407476788e-57
0.984	6.905973771521427e-58
0.985	4.621437718259355e-58
0.986	3.0901155244794022e-58
0.987	2.0645119386681336e-58
0.988	1.3781763495828945e-58
0.989	9.192561383163962e-59
0.99	6.126497713121277e-59
0.991	4.079732089261201e-59
0.992	2.7145277441631032e-59
0.993	1.8046784679143877e-59
0.994	1.1988033288618523e-59
0.995	7.956796217801269e-60
0.996	5.276796700017265e-60
0.997	3.4965839602664423e-60
0.998	2.3150409175710585e-60
0.999	1.5314898880508186e-60
1.0	1.0123017501190823e-60
1.0010000000000001	6.68568442857047e-61
1.002	4.4118570407276745e-61
1.0030000000000001	2.9089502985251266e-61
1.004	1.9164174767621023e-61
1.0050000000000001	1.261486294352311e-61
1.006	8.296848922457037e-62
1.0070000000000001	5.4523245558879785e-62
1.008	3.5800387680425743e-62
1.0090000000000001	2.34871819156248e-62
1.01	1.5396105756373944e-62
1.0110000000000001	1.0083871246771688e-62
1.012	6.599024949300131e-63
1.0130000000000001	4.314872437794096e-63
1.014	2.8189768151582285e-63
1.0150000000000001	1.840136497592764e-63
1.016	1.20017121639914e-63
1.0170000000000001	7.82115057085972e-64
1.018	5.092511275863739e-64
1.0190000000000001	3.313041714485901e-64
1.02	2.153550208104483e-64
1.0210000000000001	1.3986721621937495e-64
1.022	9.076310267101937e-65
1.0230000000000001	5.884842559175929e-65
1.024	3.81234430145546e-65
1.025	2.4676341730911073e-65
1.026	1.595880869552535e-65
1.027	1.0312188288835818e-65
1.028	6.657811765440531e-66
1.029	4.2947920765733236e-66
1.03	2.768103770583883e-66
1.031	1.7825914675294577e-66
1.032	1.1469649664776447e-66
1.033	7.373556205057272e-67
1.034	4.736221338823079e-67
1.035	3.0395883987114955e-67
1.036	1.949059060457547e-67
1.037	1.2487120233857312e-67
1.038	7.993303451751811e-68
1.039	5.1123038790338526e-68
1.04	3.2668787351001853e-68
1.041	2.0858112253593987e-68
1.042	1.3305838870972743e-68
1.043	8.480753353602127e-69
1.044	5.400713743569859e-69
1.045	3.4363079594619706e-69
1.046	2.1845240515095654e-69
1.047	1.3875385453950504e-69
1.048	8.805548141444068e-70
1.049	5.583293888018946e-70
1.05	3.537097037328493e-70
1.051	2.2388525600868643e-70
1.052	1.4158775216997597e-70
1.053	8.946376961810857e-71
1.054	5.647934527278465e-71
1.055	3.5624822342198316e-71
1.056	2.2451015747359803e-71
1.057	1.4136410742761974e-71
1.058	8.893277213449303e-72
1.059	5.589895103473541e-72
1.06	3.5104620326155745e-72
1.061	2.2026390583024763e-72
1.062	1.3808308002804643e-72
1.063	8.648789142191744e-73
1.064	5.412370352431988e-73
1.065	3.3840494267085196e-73
1.066	2.113988024546701e-73
1.067	1.3194247362150204e-73
1.068	8.2277793223308e-74
1.069	5.126207740435517e-74
1.07	3.190986473511078e-74
1.071	1.9845797630617332e-74
1.072	1.2331804408795185e-74
1.073	7.655945116420164e-75
1.074	4.748809511876356e-75
1.075	2.942958114710399e-75
1.076	1.8222016992560196e-75
1.077	1.1272532283737882e-75
1.078	6.967209064280774e-76
1.079	4.302373914017042e-76
1.08	2.6544164200103085e-76
1.081	1.636218102109339e-76
1.082	1.0076836347570079e-76
1.083	6.200371799035441e-77
1.084	3.81172371048497e-77
1.085	2.3411804534009813e-77
1.086	1.4366725699424315e-77
1.087	8.808253093029148e-78
1.088	5.395484940068752e-78
1.089	3.302018780387286e-78
1.09	2.019001250983639e-78
1.091	1.233392410676214e-78
1.092	7.527889408890934e-79
1.093	4.5904166233078815e-79
1.094	2.796646225253649e-79
1.095	1.7022727802748752e-79
1.096	1.0352055998519197e-79
1.097	6.289694409963988e-80
1.098	3.818014673385584e-80
1.099	2.3155299135177503e-80
1.1	1.4030320555059682e-80
1.101	8.493541759454627e-81
1.102	5.137049307099454e-81
1.103	3.104144696290302e-81
1.104	1.8740153131982198e-81
1.105	1.130334305587258e-81
1.106	6.811502449068672e-82
1.107	4.100915312660882e-82
1.108	2.4667219582436166e-82
1.109	1.482384120553129e-82
1.11	8.900247909728056e-83
1.111	5.338802912956448e-83
1.112	3.199526776957061e-83
1.113	1.915699231275145e-83
1.114	1.145956827003251e-83
1.115	6.848700633910647e-84
1.116	4.089279028790787e-84
1.117	2.439403166170381e-84
1.118	1.4538457679909425e-84
1.119	8.656665685016982e-85
1.12	5.14967890265549e-85
1.121	3.060599414007412e-85
1.122	1.8173112156495727e-85
1.123	1.0780731720720183e-85
1.124	6.389441914118396e-86
1.125	3.783319421110734e-86
1.1260000000000001	2.2380930009308434e-86
1.127	1.3227504691784781e-86
1.1280000000000001	7.810377681956464e-87
1.129	4.60744439165214e-87
1.1300000000000001	2.715449717522726e-87
1.131	1.5988829239037858e-87
1.1320000000000001	9.405555258267249e-88
1.133	5.527703378397377e-88
1.1340000000000001	3.2456163129160416e-88
1.135	1.9038881063721086e-88
1.1360000000000001	1.115776217496114e-88
1.137	6.532867591036486e-89
1.1380000000000001	3.821389692360934e-89
1.139	2.2332079023587134e-89
1.1400000000000001	1.3038480457083068e-89
1.141	7.605266572560312e-90
1.1420000000000001	4.431912507903805e-90
1.143	2.5802205612297883e-90
1.1440000000000001	1.5007592941578918e-90
1.145	8.72074219517151e-91
1.1460000000000001	5.062717457796468e-91
1.147	2.9363066596690664e-91
1.1480000000000001	1.7013992851387943e-91
1.149	9.849129289073186e-92
1.1500000000000001	5.696076685461503e-92
1.151	3.291090714569524e-92
1.1520000000000001	1.899719827830849e-92
1.153	1.0955307564552312e-92
1.154	6.311673871201157e-93
1.155	3.6328638589386135e-93
1.156	2.0889975585687483e-93
1.157	1.200081162161098e-93
1.158	6.887582623403248e-94
1.159	3.9491732046826886e-94
1.16	2.262186146841721e-94
1.161	1.2945920400252957e-94
1.162	7.401497609405314e-95
1.163	4.227542585166861e-95
1.164	2.412335655469077e-95
1.165	1.3752082781636809e-95
1.166	7.832129452817075e-96
1.167	4.456270174212832e-96
1.168	2.533046059051192e-96
1.169	1.4384481678299467e-96
1.17	8.160646117594789e-97
1.171	4.6252340105960617e-97
1.172	2.6189146974909046e-97
1.173	1.481450390406277e-97
1.174	8.372027186457086e-98
1.175	4.7266293190062554e-98
1.176	2.6659346329119183e-98
1.177	1.5021874386382146e-98
1.178	8.456196631879174e-99
1.179	4.755563417877408e-99
1.18	2.671803286194623e-99
1.181	1.4996234375094546e-99
1.182	8.408815752744428e-100
1.183	4.710445372881151e-100
1.184	2.6361083956773963e-100
1.185	1.4737993297431356e-100
1.186	8.23164974131399e-101
1.187	4.593127369135004e-101
1.188	2.5603704867924788e-101
1.189	1.4258357318568897e-101
1.19	7.932465163774117e-102
1.191	4.408780639789431e-102
1.192	2.447936152287787e-102
1.193	1.357852510385278e-102
1.194	7.524465769948625e-103
1.195	4.165517278072393e-103
1.196	2.3037324918307625e-103
1.197	1.2728130902676222e-103
1.198	7.02532365429128e-104
1.199	3.873796466487119e-104
1.2	2.1339078384648067e-104
1.201	1.1743094532245721e-104
1.202	6.4559050369253306e-105
1.203	3.545675841738067e-105
1.204	1.945395385963766e-105
1.205	1.0663096339391728e-105
1.206	5.838819138872977e-106
1.207	3.1939829335770397e-106
1.208	1.7454430287996727e-106
1.209	9.528925319605432e-107
1.21	5.1969311960037635e-107
1.211	2.8314862006849193e-107
1.212	1.541153902517643e-107
1.213	8.379947347141356e-108
1.214	4.551975627493225e-108
1.215	2.4701399799777405e-108
1.216	1.339077893656877e-108
1.217	7.251909819156399e-109
1.218	3.9233844629124962e-109
1.219	2.1204639810571938e-109
1.22	1.1448856989065612e-109
1.221	6.175245105192967e-110
1.222	3.327413303108412e-110
1.223	1.7910982767065083e-110
1.224	9.631453726113259e-111
1.225	5.1739671596216374e-111
1.226	2.7766077546268418e-111
1.227	1.4885522232830078e-111
1.228	7.972085324993603e-112
1.229	4.265183888268986e-112
1.23	2.2796132932819974e-112
1.231	1.2171436590476337e-112
1.232	6.492012989999267e-113
1.233	3.459182209046534e-113
1.234	1.8412961981786315e-113
1.235	9.791059134502054e-114
1.236	5.2010512114234144e-114
1.237	2.7599909997841597e-114
1.238	1.4631165441019533e-114
1.239	7.748266250491866e-115
1.24	4.099058816423542e-115
1.241	2.16629403377888e-115
1.242	1.1436784471722934e-115
1.243	6.031750787788135e-116
1.244	3.177864693683588e-116
1.245	1.6725519423861184e-116
1.246	8.793781403203766e-117
1.247	4.6187366138219705e-117
1.248	2.42338183469445e-117
1.249	1.2701975157945803e-117
1.25	6.650756838662915e-118
1.2510000000000001	3.478731583424227e-118
1.252	1.8176926474965235e-118
1.2530000000000001	9.487882567459664e-119
1.254	4.9472870647641314e-119
1.2550000000000001	2.57699467414152e-119
1.256	1.340936372625811e-119
1.2570000000000001	6.970287653950056e-120
1.258	3.619434746884542e-120
1.2590000000000001	1.877491422531083e-120
1.26	9.728860404366419e-121
1.2610000000000001	5.036077703776791e-121
1.262	2.604167730595628e-121
1.2630000000000001	1.345213459329008e-121
1.264	6.941587702148894e-122
1.2650000000000001	3.5782561503255096e-122
1.266	1.842589865276853e-122
1.2670000000000001	9.478294752824047e-123
1.268	4.870523717199551e-123
1.2690000000000001	2.5001419964512554e-123
1.27	1.2820261639980145e-123
1.2710000000000001	6.567074485020514e-124
1.272	3.360388395916293e-124
1.2730000000000001	1.717707180098497e-124
1.274	8.771028986745855e-125
1.2750000000000001	4.473973033763688e-125
1.276	2.2796974769855167e-125
1.2770000000000001	1.1603840636237695e-125
1.278	5.900198373233527e-126
1.2790000000000001	2.996894343471424e-126
1.28	1.520603029097992e-126
1.281	7.707251151911225e-127
1.282	3.9023125640002394e-127
1.283	1.9737089655245313e-127
1.284	9.972001530191546e-128
1.285	5.032912267670469e-128
1.286	2.5374285637146703e-128
1.287	1.277925010245948e-128
1.288	6.429151150090887e-129
1.289	3.231009713353828e-129
1.29	1.6220300364806865e-129
1.291	8.134205905737123e-130
1.292	4.074803893768847e-130
1.293	2.0390749265819294e-130
1.294	1.0192816775751521e-130
1.295	5.089667972513944e-131
1.296	2.5387417632793284e-131
1.297	1.2649725000933986e-131
1.298	6.296174592146502e-132
1.299	3.1304386864040717e-132
1.3	1.5547696090771447e-132
1.301	7.713632168215868e-133
1.302	3.822816827866996e-133
1.303	1.8925151916593168e-133
1.304	9.358930477913823e-134
1.305	4.623210518103319e-134
1.306	2.281347060826648e-134
1.307	1.124524523594671e-134
1.308	5.537019131959167e-135
1.309	2.7234053041479197e-135
1.31	1.3380653838337275e-135
1.311	6.567057725089048e-136
1.312	3.219529537323789e-136
1.313	1.5766733091714737e-136
1.314	7.712912054142651e-137
1.315	3.768964483474694e-137
1.316	1.8397226377626764e-137
1.317	8.970340773758024e-138
1.318	4.369094649139612e-138
1.319	2.125688027135788e-138
1.32	1.0330772593886074e-138
1.321	5.015230744287401e-139
1.322	2.4320557084859875e-139
1.323	1.1780948031972437e-139
1.324	5.700470781665571e-140
1.325	2.7552728320483876e-140
1.326	1.3302753328703887e-140
1.327	6.415657166325987e-141
1.328	3.0907443297636596e-141
1.329	1.4873287610989176e-141
1.33	7.14944736993847e-142
1.331	3.4328846694007565e-142
1.332	1.6465193362135587e-142
1.333	7.888509989730645e-143
1.334	3.775228881894514e-143
1.335	1.804726503997922e-143
1.336	8.617850353686207e-144
1.337	4.1106034560550334e-144
1.338	1.9585332107441324e-144
1.339	9.321260817270218e-145
1.34	4.431353361643342e-145
1.341	2.1043392116990887e-145
1.342	9.981881175388249e-146
1.343	4.729616923577031e-146
1.344	2.238494851448954e-146
1.345	1.0582845018896585e-146
1.346	4.997635929868932e-147
1.347	2.3574488430824028e-147
1.348	1.1107979311284663e-147
1.349	5.22808464132813e-148
1.35	2.4579019885217873e-148
1.351	1.1542517849061058e-148
1.352	5.414398687138209e-149
1.353	2.5369577329220387e-149
1.354	1.1873785381514633e-149
1.355	5.551083512014279e-150
1.356	2.592260071166457e-150
1.357	1.2091808568593415e-150
1.358	5.633982307982539e-151
1.359	2.6221097051656933e-151
1.36	1.2189812917794942e-151
1.361	5.660485289672225e-152
1.362	2.6255504954012187e-152
1.363	1.2164571283390497e-152
1.364	5.629665663427763e-153
1.365	2.602420090139823e-153
1.366	1.2016578995635425e-153
1.367	5.5423324414761197e-154
1.368	2.553361008344423e-154
1.369	1.1750042450325612e-154
1.37	5.40099596404769e-155
1.371	2.4797911944828082e-155
1.372	1.1372681012725802e-155
1.373	5.209748114483953e-156
1.374	2.383835912106994e-156
1.375	1.0895355212163995e-156
1.3760000000000001	4.974065194838969e-157
1.377	2.268225541755978e-157
1.3780000000000001	1.033154624045148e-157
1.379	4.700546733935083e-158
1.3800000000000001	2.1361661551656208e-158
1.381	9.696721646353416e-159
1.3820000000000001	4.396607657373992e-159
1.383	1.9911914509959902e-159
1.3840000000000001	9.00762899267071e-160
1.385	4.070143912297203e-160
1.3860000000000001	1.837005618570445e-160
1.387	8.281562582365878e-161
1.3880000000000001	3.7291926172347604e-161
1.389	1.6773268832375081e-161
1.3900000000000001	7.535648000146551e-162
1.391	3.3816070810644265e-162
1.3920000000000001	1.5157408979831515e-162
1.393	6.78618536230024e-163
1.3940000000000001	3.034764754421441e-163
1.395	1.3555718743553653e-163
1.3960000000000001	6.0480853571815015e-164
1.397	2.695322635709171e-164
1.3980000000000001	1.1997775462930236e-164
1.399	5.334423185446039e-165
1.4000000000000001	2.3690302497578004e-165
1.401	1.0508719288907376e-165
1.4020000000000001	4.6561253202916117e-166
1.403	2.0606055026662412e-166
1.4040000000000001	9.10877583417658e-167
1.405	4.021793594176473e-167
1.4060000000000001	1.7736739459151592e-167
1.407	7.813069362804294e-168
1.408	3.4376614030629747e-168
1.409	1.5107676651082268e-168
1.41	6.631703012528502e-169
1.411	2.907668568380102e-169
1.412	1.273376467240657e-169
1.413	5.570067554003233e-170
1.414	2.433635153822477e-170
1.415	1.062041489079229e-170
1.416	4.629330005136273e-171
1.417	2.0155105877953496e-171
1.418	8.764798819660296e-172
1.419	3.807048288606091e-172
1.42	1.651672827331775e-172
1.421	7.157288243803508e-173
1.422	3.097857787776974e-173
1.423	1.3392528253821848e-173
1.424	5.782976546552855e-174
1.425	2.4941794465264293e-174
1.426	1.0744618662724497e-174
1.427	4.6231821267221035e-175
1.428	1.986906011981015e-175
1.429	8.529029386017389e-176
1.43	3.656853003705569e-176
1.431	1.5660320324749429e-176
1.432	6.698517011933197e-177
1.433	2.861812747530563e-177
1.434	1.2212031860728769e-177
1.435	5.204972618802949e-178
1.436	2.2158094766944194e-178
1.437	9.421704249107357e-179
1.438	4.001374915421657e-179
1.439	1.6973499378377748e-179
1.44	7.1914346494274525e-180
1.441	3.043275947447107e-180
1.442	1.2863182009440563e-180
1.443	5.430457535066042e-181
1.444	2.2898392488874802e-181
1.445	9.64392388979868e-182
1.446	4.0567888083770035e-182
1.447	1.7044745093923564e-182
1.448	7.1528274418315245e-183
1.449	2.9980836882194142e-183
1.45	1.255128413434574e-183
1.451	5.248202901858481e-184
1.452	2.1918496435971597e-184
1.453	9.142989635702334e-185
1.454	3.809277943791834e-185
1.455	1.585162183621701e-185
1.456	6.5884156534934805e-186
1.457	2.7350430341346657e-186
1.458	1.1340256145250487e-186
1.459	4.696309720064327e-187
1.46	1.9425195744882795e-187
1.461	8.025064347289674e-188
1.462	3.3113549001931976e-188
1.463	1.36469833663146e-188
1.464	5.6174725838741855e-189
1.465	2.3095016000710347e-189
1.466	9.483490644397298e-190
1.467	3.8894702988212253e-190
1.468	1.5932525619783998e-190
1.469	6.518540352697695e-191
1.47	2.663712188841204e-191
1.471	1.0871640540693272e-191
1.472	4.4317306569150804e-192
1.473	1.804354047158787e-192
1.474	7.337361646019645e-193
1.475	2.98007709425093e-193
1.476	1.2088825829367993e-193
1.477	4.897894527145614e-194
1.478	1.981997324343994e-194
1.479	8.010592988514686e-195
1.48	3.233656434036237e-195
1.481	1.3037380242497124e-195
1.482	5.249931972053064e-196
1.483	2.1114633469875096e-196
1.484	8.481635118664688e-197
1.485	3.402839227140476e-197
1.486	1.3635426396841703e-197
1.487	5.45708983941132e-198
1.488	2.1813141224211247e-198
1.489	8.708426406803942e-199
1.49	3.4723633879035224e-199
1.491	1.3828475299300677e-199
1.492	5.500304280789981e-200
1.493	2.185053427553256e-200
1.494	8.669618218373634e-201
1.495	3.435580215048104e-201
1.496	1.3597593716988003e-201
1.497	5.37508722325032e-202
1.498	2.12212078530941e-202
1.499	8.367880122263929e-203
1.5	3.295499183837778e-203
1.5010000000000001	1.2962447628281075e-203
1.502	5.0922827375398356e-204
1.5030000000000001	1.998008497157376e-204
1.504	7.829627861637037e-205
1.5050000000000001	3.0643863456924765e-205
1.506	1.1978547635454743e-205
1.5070000000000001	4.676518944561379e-206
1.508	1.8234705757157057e-206
1.5090000000000001	7.101204008165053e-207
1.51	2.7619895264768134e-207
1.5110000000000001	1.07292289648522e-207
1.512	4.162661415432169e-208
1.5130000000000001	1.6129815128056192e-208
1.514	6.242277341113975e-209
1.5150000000000001	2.4127467481179234e-209
1.516	9.313974958227371e-210
1.5170000000000001	3.590977477327175e-210
1.518	1.3827517756960856e-210
1.5190000000000001	5.317767394298951e-211
1.52	2.0425262995555615e-211
1.5210000000000001	7.835357669980838e-212
1.522	3.001943287217696e-212
1.5230000000000001	1.148677909267226e-212
1.524	4.389811009025831e-213
1.5250000000000001	1.6755013656390847e-213
1.526	6.386968842791389e-214
1.5270000000000001	2.431618828791564e-214
1.528	9.245843249294096e-215
1.5290000000000001	3.511134964752099e-215
1.53	1.3316746415021088e-215
1.5310000000000001	5.0442660505772284e-216
1.532	1.9083003422174136e-216
1.5330000000000001	7.210145031293701e-217
1.534	2.720755036913278e-217
1.5350000000000001	1.0253749230829593e-217
1.536	3.8594319786028236e-218
1.537	1.4508121333409388e-218
1.538	5.446853517513849e-219
1.539	2.0423331276264275e-219
1.54	7.64809857488574e-220
1.541	2.8603950702269958e-220
1.542	1.0684245387756905e-220
1.543	3.9857184432588883e-221
1.544	1.4849572385186316e-221
1.545	5.525422455090526e-222
1.546	2.053340050398672e-222
1.547	7.620785840450772e-223
1.548	2.8247613714074244e-223
1.549	1.0456986403131091e-223
1.55	3.866105760795987e-224
1.551	1.4275225153427926e-224
1.552	5.264218325070557e-225
1.553	1.93876936161179e-225
1.554	7.13114673269807e-226
1.555	2.619589294961339e-226
1.556	9.610528939882137e-227
1.557	3.5212857095987443e-227
1.558	1.288530690803384e-227
1.559	4.7089864402659577e-228
1.56	1.718695430009456e-228
1.561	6.264823704192253e-229
1.562	2.280640729055974e-229
1.563	8.291681802326565e-230
1.564	3.010687980658625e-230
1.565	1.0917567354124712e-230
1.566	3.953872503111924e-231
1.567	1.430064848945131e-231
1.568	5.165647092100104e-232
1.569	1.863499597949015e-232
1.57	6.713810580434579e-233
1.571	2.4157039805761343e-233
1.572	8.680661787994139e-234
1.573	3.115272824918346e-234
1.574	1.1165369700300495e-234
1.575	3.996534247266115e-235
1.576	1.4286538643835447e-235
1.577	5.100387724511149e-236
1.578	1.81849325120867e-236
1.579	6.475184772468957e-237
1.58	2.302630474642412e-237
1.581	8.177632335193322e-238
1.582	2.90042609609414e-238
1.583	1.0273692374076478e-238
1.584	3.6343059190761027e-239
1.585	1.2839443952499854e-239
1.586	4.530022934203396e-240
1.587	1.5961866572625878e-240
1.588	5.616886939089245e-241
1.589	1.9739495951264643e-241
1.59	6.9279452352510655e-242
1.591	2.4282896223521523e-242
1.592	8.500095642667324e-243
1.593	2.971488622185498e-243
1.594	1.0374111267880023e-243
1.595	3.617045255268315e-244
1.596	1.259455519968652e-244
1.597	4.3796279295608366e-245
1.598	1.5209562787002697e-245
1.599	5.274982392305036e-246
1.6	1.8270469579330735e-246
1.601	6.319787211328179e-247
1.602	2.1831264575766403e-247
1.603	7.531451109072732e-248
1.604	2.594785130366314e-248
1.605	8.927847245493259e-249
1.606	3.0677103563486564e-249
1.607	1.052698114835194e-249
1.608	3.6075708504735993e-250
1.609	1.2346591073191525e-250
1.61	4.219879703777308e-251
1.611	1.4403682126583412e-251
1.612	4.909837034722986e-252
1.613	1.6713998460695527e-252
1.614	5.682154126255577e-253
1.615	1.9291441167090822e-253
1.616	6.540862015968866e-254
1.617	2.21474430509318e-254
1.618	7.489108650555761e-255
1.619	2.5290315106772496e-255
1.62	8.52894986025745e-256
1.621	2.872458306830294e-256
1.622	9.661140494366247e-257
1.623	3.245033566517718e-257
1.624	1.088493301881394e-257
1.625	3.646260897533431e-258
1.6260000000000001	1.2197891641950817e-258
1.627	4.07508332905175e-259
1.6280000000000001	1.359573053629564e-259
1.629	4.529837000580215e-260
1.6300000000000001	1.507218489888756e-260
1.631	5.00821660143464e-261
1.6320000000000001	1.6618923387661315e-261
1.633	5.507255178971157e-262
1.6340000000000001	1.8225509847484204e-262
1.635	6.0233206676304165e-263
1.6360000000000001	1.9879421177797208e-263
1.637	6.552131085830322e-264
1.6380000000000001	2.1566126697795818e-264
1.639	7.088789808820932e-265
1.6400000000000001	2.326923246309694e-265
1.641	7.627841666043178e-266
1.6420000000000001	2.497069173535438e-266
1.643	8.163349852818976e-267
1.6440000000000001	2.6651080283497855e-267
1.645	8.688992817594045e-268
1.6460000000000001	2.8289932505932763e-268
1.647	9.198179423506138e-269
1.6480000000000001	2.9866131630431305e-269
1.649	9.684179827800603e-270
1.6500000000000001	3.1358344606975853e-270
1.651	1.0140268718666503e-270
1.6520000000000001	3.2745489900852493e-271
1.653	1.05598768409169e-271
1.6540000000000001	3.4007224356216014e-272
1.655	1.0936746171862367e-272
1.6560000000000001	3.5124433761453783e-273
1.657	1.1265083713974657e-273
1.6580000000000001	3.60797108136208e-274
1.659	1.1539708681160677e-274
1.6600000000000001	3.6857803928406194e-275
1.661	1.1756187890319728e-275
1.6620000000000001	3.744602082003716e-276
1.663	1.1910954437525198e-276
1.6640000000000001	3.7834571987030394e-277
1.665	1.2001405234187925e-277
1.666	3.8016841151059035e-278
1.667	1.2025973685414297e-278
1.668	3.798957223252597e-279
1.669	1.1984174681178449e-279
1.67	3.775296549648356e-280
1.671	1.1876620100212242e-280
1.672	3.7310678923672024e-281
1.673	1.1705004148104205e-281
1.674	3.6669734490252616e-282
1.675	1.1472059010095457e-282
1.676	3.584033269623727e-283
1.677	1.1181482438526733e-283
1.678	3.4835582187694387e-284
1.679	1.0837839958461694e-284
1.68	3.3671154498645236e-285
1.681	1.0446445310978737e-285
1.682	3.2364876641659045e-286
1.683	1.001322351734444e-286
1.684	3.0936276376170416e-287
1.685	9.544561504443341e-288
1.686	2.9406096389321353e-288
1.687	9.047151559809287e-289
1.688	2.7795794284965133e-289
1.689	8.527832973804118e-290
1.69	2.61270451830113e-290
1.691	7.993437080682179e-291
1.692	2.442126291510169e-291
1.693	7.450640545509204e-292
1.694	2.269915433383058e-292
1.695	6.90583118774291e-293
1.696	2.0980319232679406e-293
1.697	6.364989920905387e-294
1.698	1.9282905928952843e-294
1.699	5.833591564185892e-295
1.7	1.7623329834793175e-295
1.701	5.31652639238154e-296
1.702	1.60160594805101e-296
1.703	4.818043382263476e-297
1.704	1.4473471606546174e-297
1.705	4.34171523135608e-298
1.706	1.3005774240872333e-298
1.707	3.890424409217738e-299
1.708	1.1620994245033695e-299
1.709	3.4663687854584545e-300
1.71	1.0325023738022048e-300
1.711	3.071084788245898e-301
1.712	9.121718160047868e-302
1.713	2.7054855987055725e-302
1.714	8.013037555726719e-303
1.715	2.3699115879567082e-303
1.716	6.999221948891327e-304
1.717	2.06419005351503e-304
1.718	6.078991432953807e-305
1.719	1.787701301731908e-305
1.72	5.249761773296804e-306
1.721	1.539448237695667e-306
1.722	4.507866855572104e-307
1.723	1.3181268436766865e-307
1.724	3.8487801473048617e-308
1.725	1.1221952286916435e-308
1.726	3.267328394116815e-309
1.727	9.4993929067169e-310
1.728	2.75789196855146e-310
1.729	7.9953342468527e-311
1.73	2.314587553861e-311
1.731	6.690951129683e-312
1.732	1.931430109024e-312
1.733	5.56732624918e-313
1.734	1.60247226595e-313
1.735	4.60585421e-314
1.736	1.321920408e-314
1.737	3.78857181e-315
1.738	1.08422764e-315
1.739	3.09841654e-316
1.74	8.8416466e-317
1.741	2.5194176e-317
1.742	7.1687e-318
1.743	2.036825e-318
1.744	5.77884e-319
1.745	1.6372e-319
1.746	4.6314e-320
1.747	1.3083e-320
1.748	3.69e-321
1.749	1.04e-321
1.75	2.9e-322
1.7510000000000001	8.4e-323
1.752	2.5e-323
1.7530000000000001	5e-324
1.754	0.0
1.7550000000000001	0.0
1.756	0.0
1.7570000000000001	0.0
1.758	0.0
1.7590000000000001	0.0
1.76	0.0
1.7610000000000001	0.0
1.762	0.0
1.7630000000000001	0.0
1.764	0.0
1.7650000000000001	0.0
1.766	0.0
1.7670000000000001	0.0
1.768	0.0
1.7690000000000001	0.0
1.77	0.0
1.7710000000000001	0.0
1.772	0.0
1.7730000000000001	0.0
1.774	0.0
1.7750000000000001	0.0
1.776	0.0
1.7770000000000001	0.0
1.778	0.0
1.7790000000000001	0.0
1.78	0.0
1.7810000000000001	0.0
1.782	0.0
1.7830000000000001	0.0
1.784	0.0
1.7850000000000001	0.0
1.786	0.0
1.7870000000000001	0.0
1.788	0.0
1.7890000000000001	0.0
1.79	0.0
1.7910000000000001	0.0
1.792	0.0
1.793	0.0
1.794	0.0
1.795	0.0
1.796	0.0
1.797	0.0
1.798	0.0
1.799	0.0
1.8	0.0
1.801	0.0
1.802	0.0
1.803	0.0
1.804	0.0
1.805	0.0
1.806	0.0
1.807	0.0
1.808	0.0
1.809	0.0
1.81	0.0
1.811	0.0
1.812	0.0
1.813	0.0
1.814	0.0
1.815	0.0
1.816	0.0
1.817	0.0
1.818	0.0
1.819	0.0
1.82	0.0
1.821	0.0
1.822	0.0
1.823	0.0
1.824	0.0
1.825	0.0
1.826	0.0
1.827	0.0
1.828	0.0
1.829	0.0
1.83	0.0
1.831	0.0
1.832	0.0
1.833	0.0
1.834	0.0
1.835	0.0
1.836	0.0
1.837	0.0
1.838	0.0
1.839	0.0
1.84	0.0
1.841	0.0
1.842	0.0
1.843	0.0
1.844	0.0
1.845	0.0
1.846	0.0
1.847	0.0
1.848	0.0
1.849	0.0
1.85	0.0
1.851	0.0
1.852	0.0
1.853	0.0
1.854	0.0
1.855	0.0
1.856	0.0
1.857	0.0
1.858	0.0
1.859	0.0
1.86	0.0
1.861	0.0
1.862	0.0
1.863	0.0
1.864	0.0
1.865	0.0
1.866	0.0
1.867	0.0
1.868	0.0
1.869	0.0
1.87	0.0
1.871	0.0
1.872	0.0
1.873	0.0
1.874	0.0
1.875	0.0
1.8760000000000001	0.0
1.877	0.0
1.8780000000000001	0.0
1.879	0.0
1.8800000000000001	0.0
1.881	0.0
1.8820000000000001	0.0
1.883	0.0
1.8840000000000001	0.0
1.885	0.0
1.8860000000000001	0.0
1.887	0.0
1.8880000000000001	0.0
1.889	0.0
1.8900000000000001	0.0
1.891	0.0
1.8920000000000001	0.0
1.893	0.0
1.8940000000000001	0.0
1.895	0.0
1.8960000000000001	0.0
1.897	0.0
1.8980000000000001	0.0
1.899	0.0
1.9000000000000001	0.0
1.901	0.0
1.9020000000000001	0.0
1.903	0.0
1.9040000000000001	0.0
1.905	0.0
1.9060000000000001	0.0
1.907	0.0
1.9080000000000001	0.0
1.909	0.0
1.9100000000000001	0.0
1.911	0.0
1.9120000000000001	0.0
1.913	0.0
1.9140000000000001	0.0
1.915	0.0
1.9160000000000001	0.0
1.917	0.0
1.9180000000000001	0.0
1.919	0.0
1.92	0.0
1.921	0.0
1.922	0.0
1.923	0.0
1.924	0.0
1.925	0.0
1.926	0.0
1.927	0.0
1.928	0.0
1.929	0.0
1.93	0.0
1.931	0.0
1.932	0.0
1.933	0.0
1.934	0.0
1.935	0.0
1.936	0.0
1.937	0.0
1.938	0.0
1.939	0.0
1.94	0.0
1.941	0.0
1.942	0.0
1.943	0.0
1.944	0.0
1.945	0.0
1.946	0.0
1.947	0.0
1.948	0.0
1.949	0.0
1.95	0.0
1.951	0.0
1.952	0.0
1.953	0.0
1.954	0.0
1.955	0.0
1.956	0.0
1.957	0.0
1.958	0.0
1.959	0.0
1.96	0.0
1.961	0.0
1.962	0.0
1.963	0.0
1.964	0.0
1.965	0.0
1.966	0.0
1.967	0.0
1.968	0.0
1.969	0.0
1.97	0.0
1.971	0.0
1.972	0.0
1.973	0.0
1.974	0.0
1.975	0.0
1.976	0.0
1.977	0.0
1.978	0.0
1.979	0.0
1.98	0.0
1.981	0.0
1.982	0.0
1.983	0.0
1.984	0.0
1.985	0.0
1.986	0.0
1.987	0.0
1.988	0.0
1.989	0.0
1.99	0.0
1.991	0.0
1.992	0.0
1.993	0.0
1.994	0.0
1.995	0.0
1.996	0.0
1.997	0.0
1.998	0.0
1.999	0.0
