Spins Simulated:	100000
Sample Rate:	1000.0
Sample Size:	1000
Read Time:	1.0
Diffusion (cm^2/sec):	1.0
X-Gradient (G/cm):	0.001
Y-Gradient (G/cm):	0.001
Z-Gradient (G/cm):	0.001
f0 (Hz):	250
Data Start:
0.0
1.0
-4.3279882832426155e-06
-0.9999937860589652
1.5948135876162488e-05
0.999962587236751
-3.578065129554049e-05
-0.9998864964406002
5.376196004449355e-05
0.9997453882372178
-8.234274301617305e-05
-0.9995205087983926
0.00012510593820168044
0.9991920149653617
-0.0001800401844454898
-0.9987401796458725
0.0002330587453315116
0.9981441645169381
-0.00030244454239445326
-0.9973848516117241
0.00035601076511234525
0.9964433012539793
-0.00038589725337230584
-0.9952964055610817
0.0004084248092217111
0.9939272661652924
-0.00041897808816998
-0.9923191104793764
0.0004087195915587818
0.9904522708429947
-0.00039328090053290067
-0.9883052516238945
0.00036624649850945434
0.9858623219225735
-0.0003573801693688432
-0.9831069024505867
0.0003722499288478244
0.9800192309542415
-0.0003976134882186142
-0.9765803347156535
0.0004294040899162934
0.972773084210942
-0.0004507907286487199
-0.9685885088691282
0.00048420084542004783
0.9640142436000515
-0.0005205887103742094
-0.9590378973910185
0.0005708299550607198
0.9536442041537087
-0.0006249892399005875
-0.947825472229565
0.0006940932370009815
0.9415609569908551
-0.0007610145521049873
-0.9348516817236553
0.000830700663898833
0.9276924744215372
-0.0008933583316401943
-0.9200683900610341
0.0009505252330426942
0.9119733578971483
-0.0010006657945520808
-0.903404009868691
0.0010397677441964885
0.8943556901437595
-0.0010849183825341999
-0.8848279604100833
0.0011233114226677171
0.8748248318395342
-0.001150299267668775
-0.8643421567112857
0.001170228035077984
0.85339294585218
-0.0011894275805550178
-0.8419747773301692
0.0012009058297099801
0.8300926529139762
-0.00120021482763346
-0.8177497283035615
0.0011983949073418516
0.8049499848951039
-0.00119751301618747
-0.7917014997000082
0.0012062738587203887
0.7780325738915199
-0.0011977523067020397
-0.7639380783749384
0.0011861995659995406
0.7494589109822408
-0.001162621712763467
-0.7346092627309834
0.0011071957810067689
0.7194063770023373
-0.0010508006167744843
-0.7038718962699179
0.0009897198667877724
0.6880307857216816
-0.0009220025355698294
-0.6719104151340688
0.000856257268408833
0.6555379499516382
-0.0007871919380712923
-0.6389345806856522
0.0007152881083065133
0.6221173809319748
-0.0006495753051760473
-0.6051158139065039
0.0005946005306361501
0.5879597397450373
-0.0005276070098962573
-0.5706687347728697
0.00047812762638288584
0.5532819645597673
-0.0004376661135436066
-0.5358357253096951
0.00040946147675624984
0.5183435357784248
-0.000383757520520594
-0.500828333801958
0.00035487107245914143
0.4833221925170197
-0.00032779088801921773
-0.46586101526616264
0.0003012524731963103
0.44848028505198234
-0.00027807303405304456
-0.4312229478659674
0.000264766269647651
0.41410605243662135
-0.0002613790767437901
-0.3971615590860688
0.0002624831784350528
0.3803998091626555
-0.0002575487178355177
-0.3638684814028803
0.0002619411925989179
0.3475823523587848
-0.00026422820193876967
-0.3315707845840809
0.000276848263322343
0.3158498288188017
-0.00028390889264073084
-0.3004588803992534
0.0002861171049703392
0.28540615362740723
-0.00029425957242308664
-0.2707165791667462
0.0002974756672663048
0.25640011417112296
-0.00030030201066995826
-0.24247509616692592
0.0003256584759717973
0.22895935217098629
-0.00035566757486449167
-0.21586094496298824
0.0003780086614242761
0.20317816850997208
-0.000396623945485024
-0.1909208121315022
0.0004189621709130196
0.1791032326972085
-0.0004328786599791444
-0.16774094833489975
0.0004277675110666056
0.15686293527511044
-0.00042303781472077497
-0.14643424479451564
0.0004245820469499451
0.13645350254930902
-0.00041770709352215423
-0.12692378902436205
0.0004089773408090665
0.11783404795504826
-0.00038940996075270695
-0.10919821011496482
0.00036696279608761226
0.10101608941271052
-0.00034585904846687457
-0.09327498783413037
0.0003218321820976813
0.08595631016813872
-0.00028633561763536953
-0.07907357972320186
0.00025646577181345017
0.07258595024265121
-0.00022891637323939966
-0.06648385887748376
0.00019529158269335485
0.06075025706750547
-0.00016984610807964796
-0.055384020921619155
0.00014435665344553135
0.050379560401380745
-0.0001229671075673755
-0.045713658137931504
9.988987349713411e-05
0.04137082513518384
-7.644512266740602e-05
-0.037333747435290415
4.677790692119478e-05
0.03358847917022496
-6.023682174992709e-06
-0.03012670420976696
-3.197997321103713e-05
0.026958654049367235
7.093694832952577e-05
-0.024053812570443554
-0.00010142537990340616
0.02138370314530107
0.00013271091536473968
-0.01893200158820095
-0.00014303095650029294
0.016690969214182488
0.0001425077337261917
-0.014648775185667928
-0.00014789689786118344
0.01280843053226377
0.0001494835195265642
-0.0111476571906254
-0.0001453865976002162
0.009627683365689524
0.0001441475265116374
-0.00825062644710165
-0.00012127019915237845
0.007007395532354457
8.400467297217108e-05
-0.005904361957882235
-2.6330260281369374e-05
0.004938415433137735
-3.215273332943487e-05
-0.004100317004263284
9.931210871562087e-05
0.003352049386605618
-0.00016905190913545594
-0.0027045541081821708
0.0002564492815960918
0.002144429430099654
-0.0003479045168244075
-0.0016596293285722312
0.0004371814626912038
0.001251029806127139
-0.000523094360634781
-0.0009056989302886196
0.00058251189236571
0.0006183280141606016
-0.0006313566798520309
-0.0003785601576669704
0.0006787965919396692
0.00017576857569384137
-0.0007336483321172828
-1.1789171551199944e-05
0.0007908078749184915
-0.00011955506838564136
-0.0008632574051156185
0.00020620271847477528
0.0009362145041069608
-0.0002663694321757446
-0.0010101691813540216
0.0003048147326825992
0.0010787157844691499
-0.0003154695245285773
-0.0011430598280052341
0.0002922594761166513
0.0012020849657595144
-0.00023849695193859023
-0.001250589230890219
0.0001649087506408483
0.001299175800125428
-7.010048862359137e-05
-0.0013495884769788742
-3.3417420087183554e-05
0.0013898106855884703
0.0001460279813889679
-0.0014210552769440242
-0.00024892852838758985
0.001423668842987755
0.0003397498891667507
-0.0014152573040725242
-0.0004126539617808354
0.0014006373018035667
0.0004805004058819403
-0.001394791735495203
-0.000558746116526238
0.0013881935473088992
0.0006520911465769761
-0.0013782373156678706
-0.000729200223628184
0.0013365230798711469
0.0007887874546344365
-0.0012811437094660668
-0.0008286529107682108
0.0012162114268749688
0.0008461793151143983
-0.001134353154816791
-0.0008475941458274989
0.0010336315934042332
0.0008213847759601064
-0.0009194823099077371
-0.0007792619139947601
0.0007953127467261519
0.0007196286767458583
-0.0006584645516230346
-0.0006496832227486977
0.0005019707781415489
0.0005609799216855264
-0.00034886297051719127
-0.0004596515938359254
0.00019328461369615292
0.0003428023346407463
-2.780263296328513e-05
-0.00020942586401147804
-0.0001314494902037985
5.182347466529303e-05
0.00027277397493764377
0.00011001061725995677
-0.00039507249993823686
-0.00026624221221486306
0.0004972293778820675
0.0004300306040677562
-0.0005764644059363354
-0.0005922483533356447
0.0006340608610677681
0.0007422649886606364
-0.0006713258199291099
-0.0008897876711045982
0.0006938705034758458
0.0010268343911237186
-0.0006928692831741663
-0.0011490951805898412
0.0006723950777725311
0.0012622483514242056
-0.0006432833010773252
-0.0013594004072509842
0.0006080002238933274
0.001445878606405185
-0.0005572148179028416
-0.0015170985606657488
0.0004947204987315956
0.001581266886055952
-0.00042173439538526386
-0.0016524818340398627
0.00034766780187049423
0.0017345401030635238
-0.0002652965228048637
-0.001812069990651797
0.00018118802950851237
0.0018988154332979011
-9.696587810136394e-05
-0.001991726949606256
2.1539903843246285e-05
0.002094133009950291
4.2358192941297186e-05
-0.002208769485414028
-9.678306725087323e-05
0.002332478614702074
0.0001406517066341381
-0.002456834367438579
-0.00016838394563395388
0.0025789878604159187
0.00016563330674700325
-0.0027219879051782864
-0.00014211241303658268
0.002880565241889362
9.422083071333867e-05
-0.003027702615431222
-2.866294455828045e-05
0.003179623732190238
-6.892279543358688e-05
-0.0033347910009027264
0.00019508928741299235
0.0034778902279358785
-0.0003273005507211302
-0.00360250623176144
0.00045924298493991257
0.0037255488275210517
-0.0006038714008048751
-0.0038466374362713263
0.0007419462647240116
0.003967918295034498
-0.0008848623168288196
-0.004077655785780336
0.0010448138877381607
0.004175920760217587
-0.0012143706178817815
-0.004264922344611113
0.0013849933037985613
0.004338549749192218
-0.0015434173144591985
-0.004395359300381361
0.0017073711365931967
0.004430515474351681
-0.001874139593262369
-0.0044508020970180405
0.002033584842591995
0.004438408296574352
-0.0021637358114917253
-0.0044082055881285
0.0022801177071709996
0.004363149534559968
-0.0023840590863383132
-0.004308985042752648
0.002470409996662322
0.00423690085907917
-0.0025281174237679156
-0.004142947825885284
0.0025512513889310467
0.004031452625354707
-0.0025367071676157147
-0.003922428192946794
0.002474271367809422
0.003808845710888946
-0.002373693710883989
-0.003689263451853155
0.0022433985583346335
0.003569547001033089
-0.002078078224530979
-0.0034271546116367803
0.0018946178581136517
0.0032867573483871793
-0.0016866440554317566
-0.0031644772545311433
0.0014528156435747674
0.0030494065184063653
-0.0012076196352049007
-0.00294449805846008
0.0009569240072676287
0.002848033758674199
-0.000694142357500271
-0.002765982128329796
0.0004339217062455358
0.0026871066423348354
-0.00019925307840313577
-0.002612012977139182
-1.5241763069312783e-05
0.0025506262955293686
0.00021793398534308844
-0.002498315762671767
-0.0003923804287030677
0.002470235325056411
0.0005283790605641141
-0.0024311985837215284
-0.0006413231685724858
0.0023793916834889553
0.0007325851044755094
-0.0023140322191063504
-0.0007970546983218207
0.002215673512781659
0.0008433091080066329
-0.0021129796353270077
-0.0008363821995859131
0.001987154418636852
0.0007722961717054631
-0.001833542576844416
-0.0006645903656552899
0.0016509997296447142
0.0005081630992051148
-0.001433437816093227
-0.00031837541666745474
0.0011942972805448274
0.00010402428615236945
-0.0009498905351273543
0.00012902845455034737
0.0006880331239530352
-0.0003811628616695545
-0.00041982612934623
0.0006467967451767482
0.0001284686734407293
-0.0009180965280015678
0.00017736444272645544
0.001176277304495601
-0.0004924255992919661
-0.0014183604181364383
0.0008136119907967057
0.001649229194557227
-0.0011507818347907246
-0.001873861863671156
0.0014886432254495757
0.0020831263779421687
-0.0018221385276726576
-0.0022694673019959836
0.002136052759431002
0.0024499491381728415
-0.002399919102431024
-0.002628741266903328
0.0026410191940643975
0.002798962177355683
-0.0028465745933273423
-0.0029508889204219926
0.0030265708525339967
0.003092533947604353
-0.0031698365540498686
-0.0032287529278789613
0.0032415554527263236
0.0033596273580408565
-0.003259027273969443
-0.003485145188798483
0.0032143512871148877
0.0036004340764413606
-0.0031372320981977635
-0.003698984015673464
0.0030214383486205404
0.003777175871994731
-0.002858219599506392
-0.0038253868026874947
0.0026548042820967485
0.0038397957093335624
-0.0024232738486596756
-0.003831303356696976
0.002175354467640859
0.003805559164298818
-0.001924678455747424
-0.003758757341465195
0.0016754261732046707
0.003672492942973909
-0.001434869941426682
-0.0035531654891367104
0.0012041016161819253
0.00341322749649933
-0.0009788094502114519
-0.0032497874271878034
0.0007645201615117255
0.0030356816424925016
-0.0005905834644196783
-0.002790741968893665
0.00043848519748878733
0.002525413201851652
-0.000316808147525438
-0.0022330761075818853
0.00021858397363439365
0.0019313413010941922
-0.00014040588297451379
-0.0016168686597914153
7.772964067393964e-05
0.0012833853854352538
-2.830201680416417e-05
-0.0009406288425496896
-1.1061068103892518e-05
0.0005924932915745068
3.908129941501289e-05
-0.00025034627711892636
-6.674700136112004e-05
-7.092293368312319e-05
8.320771690636391e-05
0.0003474005320226533
-0.00011164132751149209
-0.0005960954943912801
0.00017006743597315025
0.0008294097577222557
-0.0002329903554312312
-0.0010220717834347126
0.0003160968506614765
0.0011841044433044995
-0.00041438427810184
-0.0013130075227364864
0.0005457632803644789
0.0014001201660266893
-0.000709844741612452
-0.0014656158539471465
0.0008675985404029351
0.0015080671995911096
-0.0010348155490260762
-0.0015136714802457642
0.0012190353923175583
0.0014932020250686326
-0.0014032086782270617
-0.0014468873753255293
0.0016012803131170562
0.0013947667802021897
-0.0018051510121953988
-0.0013506868721569613
0.001985498381384387
0.001313136158448447
-0.002144239055184727
-0.0012846395999894802
0.0022818005266867993
0.0012584569658833941
-0.0023907748046517255
-0.001237478097370064
0.002479741866993672
0.0012263757784503838
-0.002539402820138184
-0.0012319314096016873
0.0025781774068364123
0.001243875868430116
-0.002596247013785731
-0.0012582015801546438
0.002586503201482283
0.001275519862391929
-0.0025567322379720404
-0.0012895400329970223
0.0025122133683987313
0.0013004751554138512
-0.0024637128067675753
-0.0012991516906114967
0.0024214392716021085
0.0012924825469903115
-0.0023807954795704413
-0.00126862021512667
0.0023545591722820354
0.0012343143915391143
-0.0023550554903420196
-0.0011789327004052132
0.002387861312785984
0.0011024634165875962
-0.0024377150372169127
-0.0010064961921401761
0.002508797601755754
0.0008740221449611151
-0.002611810030720267
-0.0006949685036658996
0.0027493527937480643
0.0004700307090676692
-0.002891627528126414
-0.000215472295102118
0.0030350850178877168
-6.581920113350686e-05
-0.0031862663795490303
0.00035209121176608076
0.0033403645206635624
-0.000637225563160362
-0.003485035137355463
0.0009317775648598461
0.0036375192305968082
-0.001235436110371011
-0.0037749041762462714
0.0015260608533600839
0.0038894540933344336
-0.001810568278718155
-0.003982608322270149
0.002072510140542872
0.004057885331213853
-0.0023141131545224153
-0.004101365706231281
0.0025266425752650057
0.004133208868110406
-0.002710791311542154
-0.0041423862643717845
0.002868224465801007
0.004138789189261341
-0.003009141595775249
-0.004114569699438323
0.0031101851346694224
0.004076129415640176
-0.0031729216439279166
-0.004030475567909325
0.0032149182942116995
0.003970143426001154
-0.0032367177496023672
-0.003912746537144645
0.003235076671707042
0.00387453808176748
-0.003203171430038916
-0.003838692168891547
0.003172656424537538
0.003816668029565706
-0.003143736436989737
-0.003817091194412331
0.0031058433744848425
0.003845416905852278
-0.0030645559465106195
-0.0038878828788174763
0.0030193665801963535
0.0039571924056745365
-0.0029584115181194195
-0.004042233673853614
0.0028848095994631383
0.0041509432624946396
-0.0028079674780318586
-0.004246422696349255
0.002723489536670536
0.004349641607636585
-0.002637076135951309
-0.004435049541265412
0.0025337776009618676
0.004495827089441964
-0.0024172782744392224
-0.0045310615650148486
0.0022975269548103903
0.004549038701883262
-0.0021782705626563607
-0.0045596430866252525
0.0020416187216844624
0.004572568395978656
-0.0018823128194872512
-0.004578980569025053
0.0017357684829416768
0.004555124241900636
-0.0016046750079860867
-0.004516340011799715
0.0014777829591706348
0.004469945496257775
-0.0013571476944628307
-0.004436845814918126
0.0012622378731045316
0.0043855203091676806
-0.0011942069093708269
-0.004307715117089833
0.0011620184213420419
0.004214244783414363
-0.0011688744167157924
-0.004111605314065664
0.0012128149127723256
0.004003222147176853
-0.0012880889730321199
-0.0038805719746948077
0.001390831805878654
0.003742202832160028
-0.0015259714215495213
-0.0035857848190256553
0.0016868923853434908
0.003431421902194622
-0.0018566176745260753
-0.0032725129973679773
0.0020488193680041184
0.003118280442365339
-0.002258046680836564
-0.00295555964305703
0.0024639652488491082
0.0027849180718827167
-0.002648144279749093
-0.0026185811396446565
0.002802388034594172
0.002456984643998758
-0.002928081486176699
-0.0022945032510757503
0.0030156366850209873
0.0021210602975123036
-0.0030430967308437205
-0.0019326478048259908
0.0030258387612260894
0.001732285457963847
-0.0029494219484339453
-0.0015196275062332619
0.0028067223303547785
0.0012806840737501185
-0.002615237981420187
-0.0010365044404360643
0.002369407326257916
0.000780687434394733
-0.002082432043642772
-0.000502130202269584
0.0017464956748670173
0.00022071606181087457
-0.0013826671688610226
6.588760119480366e-05
0.0009914282723942028
-0.00035929427672510097
-0.0005800366560312478
0.0006588607507412438
0.00016318480495395275
-0.0009536126058219175
0.00026380883915021354
0.0012503887777631324
-0.0006657007480420728
-0.0015366072099667043
0.0010335033766593628
0.001813178663075305
-0.001365717593825232
-0.0020864673045260817
0.0016642335249947707
0.0023547508189372033
-0.001920103179373632
-0.0026093680591128938
0.002128627843741862
0.002836798898340443
-0.00229246651035976
-0.003027965151808233
0.0024168048030391424
0.0031774578390845014
-0.0025118651115334668
-0.0032789816646709635
0.002572696087833127
0.003341502218874269
-0.002587244165442277
-0.0033672450083070946
0.0025915812160349706
0.0033624373424810594
-0.00258459576016736
-0.0033078058507905583
0.0025621384017868805
0.0031995330067239383
-0.002508567280632288
-0.0030294375636646296
0.0024291009572134053
0.002800238653080745
-0.002352379136911632
-0.002532814836145262
0.0022828474482746953
0.0022427138303114822
-0.0022189235299922712
-0.0019348643594567158
0.0021716799662104625
0.0016104741638107226
-0.0021206755625508976
-0.0012696285742888112
0.0020410115163065298
0.0009153117464370032
-0.0019450984026341187
-0.0005526497492445608
0.0018291657960998098
0.00017859590059385677
-0.0016804553412990298
0.00020182733610274304
0.0015016688488907984
-0.0005762631404659059
-0.001287968955016503
0.0009561981326603724
0.001045729634421564
-0.001326437746255141
-0.0007711099027568738
0.0016854782071735763
0.00044432420354541426
-0.00206100506132787
-9.668043919986505e-05
0.0024325782077805596
-0.0002820410300706019
-0.002791919218316429
0.0006881055112180083
0.0031131127414201227
-0.0011091507150067484
-0.0034050970084112506
0.0015195704647318349
0.003677920083457148
-0.0019051741662908241
-0.0039199832206099575
0.002273405076976428
0.004119838413704648
-0.002608338557066031
-0.0042732176973142655
0.0029116237087676686
0.004381308687061194
-0.0031795366151280606
-0.004434774392865199
0.0033914250949232776
0.004425606028250218
-0.0035460375232571695
-0.004350283506830539
0.0036551146026799525
0.004225714467905023
-0.0037177093626399684
-0.0040616740260681
0.003726018792789546
0.003857437540968556
-0.0036608794764025243
-0.0036063142451391284
0.0035239373464881403
0.003314386102876992
-0.003331875654350206
-0.0030087187910755905
0.0030965223383333314
0.0026909263294950694
-0.002832829626220415
-0.0023540341797624715
0.002551043275157525
0.002009571467675034
-0.002262527648362391
-0.0016771946312738408
0.0019588737408891953
0.0013795670449195166
-0.001654931904994008
-0.0011171168344442587
0.0013545056811294332
0.0008759205535981565
-0.0010581968333144799
-0.0006815158686964472
0.000798642764971787
0.000545086431741755
-0.000576630345513019
-0.0004636004313288212
0.00039323391582051664
0.000422968111153988
-0.000243170138643995
-0.00042161432845409086
0.00013653819616789593
0.0004389934735837148
-7.972321647054788e-05
-0.00047965035831268045
8.852560622800699e-05
0.0005394495762171796
-0.00013897390851622666
-0.0006075779870528843
0.00023921196706659528
0.0006815475690609414
-0.00037362165191912326
-0.0007445611762429909
0.0005125034997741283
0.0008018735444369247
-0.000651633758219046
-0.0008484171721202533
0.0007853356659439736
0.000865794860329949
-0.0008974749237176375
-0.0008582237532895887
0.000978373619311619
0.0008289709623079742
-0.0010395029803646927
-0.0007840497509939049
0.0010747203916896652
0.0007137339473312957
-0.0010829916664905597
-0.0006142674448790694
0.001067023019215832
0.0004773915860438347
-0.0010222455300626376
-0.00032422688607378286
0.0009689624634413383
0.00015297513998153485
-0.0009188697992891402
5.6624768811489716e-05
0.0008741799274942889
-0.00031021394638789936
-0.0008282450174752529
0.0006015729667646299
0.0008114080620502312
-0.0009055896503970684
-0.0008134621338139682
0.0012198308495367889
0.0008314932461489333
-0.0015447708725793196
-0.0008894382716795178
0.001871588207265521
0.0009731976165713131
-0.002193249924187024
-0.0010725159212470025
0.0025143461745049966
0.0011680820803754786
-0.002817755106733788
-0.0012497128732282833
0.0030977222718514465
0.0013068444805464045
-0.0033206422091209727
-0.0013424149390548522
0.0035279784296213266
0.0013375804776991143
-0.0037092332637693247
-0.0012930471016930746
0.0038550020500312983
0.0011914670331094356
-0.0039697137703263285
-0.0010436424015573694
0.004048374219757897
0.000849863501341452
-0.004095272309378191
-0.0006081782852159985
0.004115300658026496
0.00033455733231447875
-0.004110660953877235
-3.52072983797101e-05
0.004085756593771028
-0.00030491424892502246
-0.004065948155643084
0.0006565263573337916
0.004033810311154239
-0.0010170245202586069
-0.003992132705906704
0.001374050845921302
0.003953311651528123
-0.001722999390913881
-0.003921554584138214
0.0020384472671223044
0.003884282839295642
-0.0023154485409323613
-0.0038481600407515165
0.002536595219092828
0.003796440562500019
-0.002702033663001569
-0.0037043987110561196
0.0027980808334347935
0.003572219623086386
-0.002820046086554586
-0.0034109404254589245
0.0027689444243657268
0.003218198301052746
-0.0026338043044903353
-0.0029885323041704257
0.0024416309413576374
0.002751826218357533
-0.0022014599204433485
-0.0024891472860146184
0.0019277146916810912
0.002197366373685192
-0.001622549872355952
-0.0018947291014225517
0.0013070892504407005
0.0015725868088945117
-0.0009889393892176983
-0.00124309770311577
0.0007029460359251707
0.0009217548852112538
-0.0004477681151792406
-0.000601389858374551
0.00023671448467441086
0.0002886710177627522
-8.375696450928868e-05
3.3039880120579294e-05
-2.6421331389510973e-05
-0.00034644717546046923
0.00010189054073559629
0.0006513185713804949
