Spins Simulated:	100000
Sample Rate:	1000.0
Sample Size:	1000
Read Time:	1.0
Diffusion (cm^2/sec):	1.0
Gradient (G/cm):	0.001
f0 (Hz):	250
Data Start:
0.0
1.0
-9.544366598980787e-06
-0.9999926764093616
2.669416241809684e-05
0.9999562276883343
-4.1022702645185106e-05
-0.999867282424375
6.115680835246942e-05
0.9997026459792061
-7.98889339942302e-05
-0.9994391574557339
7.583417858726434e-05
0.999054468579468
-6.413675048770717e-05
-0.9985241299317481
6.265995854642062e-05
0.9978256650859292
-5.3148557397527684e-05
-0.9969360971336064
2.2755840084615013e-05
0.9958353855421155
7.047499016375013e-06
-0.99450047507857
-3.3815296019029005e-05
0.9929090996451841
5.912160333045824e-05
-0.9910414836566129
-7.81168688514072e-05
0.9888773409417922
0.00010785048210873265
-0.9863970641072962
-0.00013492753925369326
0.983578046496666
0.00015758173582532708
-0.9804010937812917
-0.00016105112831571523
0.9768435405598316
0.00017166689254050115
-0.9728912040896025
-0.00019193439212611302
0.9685238369673083
0.0002143023843061747
-0.963722772909119
-0.00024064369036035644
0.9584727561213539
0.0002861646088153198
-0.9527572375493336
-0.0003240201094106461
0.9465621429514376
0.00035834521302453506
-0.9398802753250564
-0.0003928955137266334
0.9326983941604919
0.00043511935679176484
-0.9250024863588571
-0.00047997312224978405
0.9167877420634459
0.0005277057246048697
-0.9080486139851319
-0.0005575869659159467
0.898777074123232
0.0005722848437745119
-0.8889761758606923
-0.0005880212186343438
0.8786487281524163
0.0006161775134026442
-0.8677935141243354
-0.000654918222016543
0.8564123674297521
0.0007055229513257124
-0.8445182609110089
-0.0007409426069665071
0.8321070004946948
0.0007722552394817975
-0.8191909778163939
-0.0007997871547641044
0.8057737654714026
0.000822872965586159
-0.7918746416094045
-0.0008590359863026348
0.7774984286164168
0.0008909129149740429
-0.7626721587486759
-0.0009118066722324114
0.7474101596765051
0.0009043582359943673
-0.7317339039005218
-0.0008980053049135469
0.7156811922468835
0.0008822548834184198
-0.6992627225160586
-0.0008682715641341081
0.6825013381321279
0.0008586660894656695
-0.6654356907515069
-0.0008455277076845754
0.6480829357564207
0.0008288640329715168
-0.6304900790939942
-0.0008231070677556182
0.6126856171969024
0.000820482080027911
-0.5946928457156664
-0.0008176609331561468
0.5765535146202231
0.0008387296419388208
-0.5582944071330002
-0.0008797516852138889
0.5399461679957226
0.0009264415236066163
-0.5215438386108847
-0.0009674019700187388
0.503118479490798
0.0010074902697629294
-0.48469966331933184
-0.0010514535008215066
0.4663340086592657
0.0010906467680304496
-0.44805417740715525
-0.0011111037122437265
0.4299148825703458
0.0011197646494105664
-0.4119414934626408
-0.0011385496341662573
0.3941769296116238
0.001150380198100545
-0.37665777288946517
-0.0011562457688438534
0.3593914737159536
0.0011512674956713452
-0.34240941710480843
-0.001138374603530264
0.32575849332156326
0.0010980684388748028
-0.3094636644756031
-0.0010400016584828664
0.29353727405269014
0.000957821331561252
-0.2780080500942278
-0.0008742696034752832
0.2629069276951467
0.0007978503319739731
-0.24824363287204962
-0.0007078588226315108
0.23403656829749148
0.0005991085554296855
-0.2202968032490792
-0.00048788395323082066
0.20703006333364504
0.0003760924049484663
-0.19425725123406518
-0.0002503483481387945
0.18198624685783257
9.986578595244094e-05
-0.17021879210546284
5.9232293742810876e-05
0.15895339709565656
-0.0002467606814397229
-0.1481810401365356
0.00044939508938498146
0.13791047273542498
-0.0006640859129669463
-0.12814418699940933
0.0008891064918918184
0.11888290332625505
-0.0011112379043647688
-0.11011803078905241
0.0013395426575575665
0.10183479049786612
-0.0015793283406664227
-0.09404266139637159
0.0018160319366786674
0.08671524709537905
-0.0020554276018048883
-0.07985382428244449
0.002297753907691827
0.07343849156036104
-0.0025297543270441487
-0.06745262403779159
0.0027607224636234215
0.06188767633107131
-0.0030033959675653493
-0.0567083560688095
0.00325021043564316
0.05191455705985779
-0.0034721802009182175
-0.047485158160002996
0.0036819888926821484
0.04338718227877854
-0.003888891563766466
-0.039607678781848676
0.004101473388881239
0.03611945349415288
-0.00429925629574635
-0.03292439793935128
0.004490339614701258
0.02999279934789595
-0.00465464137630965
-0.027306174576077168
0.004788993141886248
0.024850097377991667
-0.004912884809185839
-0.022622333633872543
0.005026000614341671
0.020583089555632917
-0.0051294863967034365
-0.01873426059870112
0.0052194281029186475
0.017063927880073347
-0.005291473706741052
-0.01557179618815538
0.005355224190302087
0.014226408671188103
-0.00541351787533357
-0.013004184870908356
0.005471027372402653
0.011897905887499735
-0.005536631544445694
-0.010884669892098844
0.0055940842385527965
0.009962592191255074
-0.00564212396751445
-0.009119072658519104
0.005678589003491608
0.008366953262779593
-0.005706550988097896
-0.007704227562686628
0.005717724394641402
0.007111755573404746
-0.005724684331791639
-0.006572185616865324
0.005721163078484605
0.006077164246429931
-0.005701042055177543
-0.005625883487379018
0.005660799595674867
0.005206706087028045
-0.00561808218422217
-0.004835917719839737
0.005567917623356205
0.004491865645233858
-0.005504688332001879
-0.004176007758237943
0.005445522123986074
0.0038885298818615755
-0.005411617727062295
-0.0036373903632150937
0.00537312133239739
0.0034046280814276995
-0.005313703384658983
-0.0031875153212772497
0.005240968195228671
0.0029986091944565556
-0.005153833286893114
-0.0028208940876808847
0.005075280856791521
0.0026605331696237904
-0.005002534049968443
-0.0025075270153636043
0.004932002096255538
0.0023658067403768837
-0.004841582705813995
-0.0022346055287240847
0.00472594357536524
0.002114032087041775
-0.004586049629579331
-0.002003744786015316
0.004450428226153633
0.0018926241798656854
-0.004304249337360447
-0.001786635755553253
0.004139818440140729
0.001676048898895387
-0.003963339846417929
-0.0015677879953779272
0.0037627810675662813
0.0014557890928018024
-0.0035434811636531455
-0.0013590938743651998
0.003310881911573183
0.00129185404642031
-0.0030675739302945854
-0.0012508850852208174
0.0028005118985909533
0.0012212468282736708
-0.002522432293995313
-0.001213498503381884
0.0022154008808232518
0.0011992176997735818
-0.0018990866468187766
-0.0012018171433088884
0.0015687023167664544
0.0012207733368919873
-0.001246057347891539
-0.0012455496723484452
0.0009065011177447289
0.0012729417204645254
-0.0005524273158251153
-0.0013097913855602875
0.00018820250182196587
0.0013585597742619315
0.00018144946266629544
-0.0013998541156577703
-0.0005656590160111587
0.0014353706535099875
0.0009485397109430877
-0.0014562720092144402
-0.0013388081554563441
0.001480466580274998
0.0017269304323089289
-0.0014980990288567307
-0.002136942193029237
0.0015062318171609503
0.0025644150486628862
-0.0014869670280737207
-0.0029917857265268836
0.0014546651979475546
0.003407500155614498
-0.0013984276373745401
-0.003803455609120249
0.0013344621541084534
0.004175607314058773
-0.001264268754227623
-0.004536212921490113
0.001171564748315211
0.004879627488902324
-0.0010611164882446387
-0.005197156286225721
0.0009381951313976338
0.005502022036802944
-0.0008000750753457139
-0.005779655827533226
0.0006447890595403823
0.006018530670909663
-0.0004715106213196787
-0.006234188926876125
0.00028892762300636353
0.006427883292616465
-0.00011445334751165569
-0.006594328074262396
-4.8346636859175125e-05
0.0067308563800245495
0.00020935285138537902
-0.006835960013342785
-0.0003848465720934054
0.006918331709839445
0.0005563333313363201
-0.006973920187023918
-0.0007095452781938804
0.006989393607454341
0.0008469817528128208
-0.00697840197490622
-0.0009763076291803445
0.006944589691392496
0.001100258509884593
-0.006892007588033424
-0.0012019910154071412
0.006794152345255428
0.0012923150397009518
-0.006689113531620731
-0.0013716716535706406
0.006580138291895065
0.0014318476811915064
-0.006450447331512505
-0.0014765837545361097
0.006300070374098838
0.00151764036077237
-0.0061231291732685685
-0.001547536747214766
0.005913722892567821
0.001572283165071631
-0.005697784986874169
-0.001597718516543891
0.005463733232988447
0.0016302322050890262
-0.005206871062187373
-0.0016604037509717331
0.004947153257988018
0.0016907073279116226
-0.0046798782178672695
-0.001717140315142671
0.00441787733931268
0.0017358509005951156
-0.004150083869116691
-0.0017403153715798447
0.003882617253775337
0.001736202632490351
-0.003617586464269864
-0.0017386162146913057
0.003365458798011457
0.0017479721394284
-0.0031113203306608055
-0.0017601440333741682
0.002864005167269531
0.0017560064990370936
-0.002619675113872968
-0.001746771321936681
0.0023687965262822255
0.001720601820749738
-0.0021202154781023628
-0.0016745410089572205
0.0018767847773832674
0.0016150852792148913
-0.0016701451438859431
-0.0015542836618024991
0.0014837258140776646
0.0014892004136102413
-0.0013186700607625173
-0.0014318822506870596
0.0011916663643518526
0.0013823905846388836
-0.0010933441191542262
-0.0013396469760230836
0.0010389982894909325
0.0013116463645374103
-0.0009997141580614592
-0.0012944246401903271
0.0009931306504272445
0.0012953031030696217
-0.0010128883482537208
-0.0012928331272155666
0.0010645359725035403
0.0012900754521396208
-0.0011432416822177687
-0.0012935406204198714
0.0012326475189603535
0.0013110091265678009
-0.0013385633468997132
-0.0013271001753343205
0.001444142804603604
0.0013488130018193339
-0.00154361709466586
-0.001363289720324587
0.0016325865381344436
0.0013791523654851313
-0.001696382720560127
-0.00141685471860611
0.0017464257738487284
0.0014578297434694706
-0.0017731705320162975
-0.0014763801437406372
0.0017565205057722272
0.0014769629876648146
-0.001713017026409295
-0.0014727620935662837
0.0016463256084688182
0.0014737920503524763
-0.0015567296474287477
-0.0014479709824948106
0.0014203048668047988
0.00139835205732644
-0.001251116504051375
-0.0013277513616610748
0.0010353988425915765
0.0012300890089568864
-0.000807273322081167
-0.0010970194357681113
0.0005594595343397621
0.0009316969652534829
-0.0003040973720019954
-0.0007541124660542977
3.3751604709285124e-05
0.0005540136880449539
0.00023434060908281707
-0.00032641148742615464
-0.0005240574463410943
6.654167005746778e-05
0.0008025772984749886
0.00021361151746269024
-0.001081732243469627
-0.0004925559237409791
0.0013390056066839985
0.0007699142221388496
-0.0015943204261727073
-0.0010406843766728106
0.0018329356380057812
0.0012987816729574818
-0.002033326814497139
-0.0015495917159352947
0.002208019324535254
0.0017786940839135017
-0.002363189432050137
-0.0019824263306018847
0.0024951187723078667
0.002159966011120999
-0.0025878487901713028
-0.0023037346870628164
0.002657338537886466
0.002433091001388947
-0.0026940705895890133
-0.0025299921201952106
0.002688321656640516
0.002590927251201524
-0.002662494262711685
-0.0026210819321663987
0.0026225385649293652
0.0026122764496887916
-0.002551261893008396
-0.0025844636630969063
0.002473505001238471
0.002532363780932797
-0.0023930831431034643
-0.0024603135983806233
0.0022997071821059226
0.00235214162577016
-0.0022124964969181273
-0.002223427732723691
0.002126683654154757
0.002079939184936485
-0.0020602802602656327
-0.00192897500494127
0.002014502765125832
0.0017759181401644285
-0.001979330768049636
-0.0016111006385200596
0.001966408890631468
0.0014422516087808028
-0.001976760274910809
-0.0012730652888243484
0.0020003855993910645
0.001114043383952067
-0.002046503190021727
-0.0009683704296772995
0.0021388356879566256
0.0008250400965185122
-0.0022446781159140335
-0.0006854257429711533
0.002364626199793876
0.0005540260975978104
-0.0025104023979695294
-0.0004219711559504008
0.0026757189934647797
0.00031241821700828554
-0.0028446485077441653
-0.00021584330736780695
0.003025718425998818
0.00014402018283982436
-0.003204805516647871
-9.908776715595628e-05
0.00337127541069218
8.835869375026402e-05
-0.0035118581746738458
-0.0001000857036356247
0.0036333054135705076
0.00014560995808486922
-0.0037373764249668423
-0.00021976976353916785
0.003806108293773318
0.00031618694129817947
-0.003868820430131849
-0.0004137153598171331
0.0039302960112840134
0.0005251405355437275
-0.003956848941498845
-0.0006388073480905073
0.003944918375817306
0.0007624875290152219
-0.003914699354542287
-0.0008982367677696183
0.003863555422006843
0.0010177061421939306
-0.003802017662044074
-0.0011186396702259798
0.0037334436005162226
0.0011988698899249063
-0.0036760802647989484
-0.0012320154927579975
0.0036261285421773054
0.0012421679419959675
-0.0035774847221690534
-0.0012241017455654338
0.003519659441404134
0.0011718754281726978
-0.0034475880949016383
-0.0010918758216709673
0.0033706624257903214
0.000997337728024134
-0.003302709094285188
-0.0008772892639325341
0.0032517637018538667
0.0007218139751035101
-0.003195635096818074
-0.0005492505660542292
0.003127200239856798
0.0003406277093276071
-0.003063821460744787
-0.00010860225793961962
0.0029983980622112754
-0.0001310194085632673
-0.0029319730581071567
0.00038018049906707747
0.0028821359613438024
-0.000624911977586431
-0.002832397971441506
0.000864757871987382
0.0027870114217697427
-0.0010796425736681729
-0.0027328442062659023
0.0012718704723553775
0.0026884863601940104
-0.0014196879579452845
-0.0026733873138552982
0.0015113708031623207
0.0026933327117599336
-0.001559704579711061
-0.0027276076364282083
0.0015674126295076919
0.002762174387063407
-0.0015435372904844876
-0.0027994642372208447
0.001470268862192499
0.0028380562789310435
-0.001357465474940773
-0.0028790923066406193
0.0012249765874215311
0.0029008050542746215
-0.001059952187020546
-0.002886204099646232
0.0008528790975867166
0.0028459091457264155
-0.0006257278231392322
-0.0027680344505874865
0.0003647863263762225
0.002647017729285012
-8.632110550846953e-05
-0.0024894785515218922
-0.00017434805135447135
0.002325584905627495
0.00043101546897641394
-0.002119342537756797
-0.0006808832665100801
0.0018650488340696827
0.0009232092344759486
-0.0016093319634210704
-0.001149039357253316
0.0013504542103558853
0.0013625471569769583
-0.0011022899441001874
-0.0015567168358107879
0.0008649783835743158
0.0017396885085435975
-0.0006487768259980217
-0.001909574766070254
0.00046492731932903166
0.002080816717685659
-0.00031994598331549443
-0.002239681873551824
0.00022117322242168753
0.0024024160039580107
-0.0001867384305057202
-0.0025779350643914717
0.00020623939405199987
0.0027535405285352113
-0.00027708334124757655
-0.0029224142607698978
0.0004110598640148775
0.0030922068899196242
-0.0006148188665913259
-0.003249554636545227
0.0008682118135722111
0.003409041771876907
-0.001173885840563448
-0.0035631360552913762
0.0015164210167427175
0.003692440766277852
-0.0018942513275891591
-0.0038254466182232384
0.0022885584698675576
0.0039404973143648886
-0.0027226300187483776
-0.004020949393143802
0.0031517928497767577
0.004086452254691469
-0.00356139672586725
-0.004112259218612201
0.003938186000419001
0.0041029477441101745
-0.004295349562547518
-0.004054711040626665
0.0046105592583756206
0.003965551731669796
-0.004877964621080003
-0.0038209060115758585
0.00508429577156268
0.0036410022109780466
-0.005219095213870609
-0.0034184140801924016
0.005285255317708988
0.0031469595811839247
-0.005284078547392744
-0.0028378452925370947
0.005240577027349494
0.0024856107533551787
-0.0051433625597457336
-0.0020995977400176916
0.005012723442088469
0.0016883871070712453
-0.004847454619953469
-0.0012593309750934813
0.0046475864169852246
0.0008097618543909633
-0.004410724251222456
-0.0003561555546499969
0.004133606210809456
-8.462052510847619e-05
-0.003818899049908666
0.0005145635964074324
0.003478103389760961
-0.0009251849396895778
-0.003115142282569942
0.0012996962176589296
0.0027375936906867595
-0.0016146703035811152
-0.0023657888259215817
0.001868619169334312
0.0020022574312776992
-0.0020558659205612705
-0.0016521635815425408
0.0021868803268772974
0.0013279235790717315
-0.0022553400223846117
-0.0010509674048706245
0.0022781653581797315
0.0008194389131949637
-0.0022616538394308015
-0.0006321325747578601
0.0022298007470847874
0.0004908537546366315
-0.0021810792874125545
-0.0003803466164437162
0.002114877440529701
0.0002966952723220024
-0.0020340913220841697
-0.00023997875336511846
0.00192786318436443
0.0002068259409172799
-0.001813356968050867
-0.00018620417353073647
0.0016905829112777502
0.00018149173271797734
-0.0015481911419437805
-0.0001887416362696048
0.0013888656784056838
0.00021543677024716835
-0.0012231065636666338
-0.00023853382860533701
0.0010230856324416275
0.00025395522327465575
-0.0008142457103517023
-0.00024752192570470907
0.0006044389046655768
0.00019538446229281346
-0.000400496275955819
-9.704020549823633e-05
0.00018428371495051032
-3.7670156802914474e-05
4.7799395319704666e-05
0.0002126255894655492
-0.0002647009711320055
-0.0004064533897004713
0.0004310854971453558
0.0006313782187594833
-0.0005614949342138583
-0.0008645619088456143
0.000657307378131842
0.0011006267227642928
-0.000714008357239786
-0.0013328357065364538
0.0007576496235038175
0.0015724614724397512
-0.0007890823425407572
-0.0017937581380624704
0.0008163405274941347
0.001996346114638895
-0.0008497259140206063
-0.002167027024898845
0.0008879674699413838
0.002309318729809814
-0.0009507423476428988
-0.0024105601788170714
0.0010355323280275709
0.002472832510536192
-0.001155692377671542
-0.0024989052116046514
0.0012970652986530628
0.0024658672129539037
-0.0014743446192320927
-0.00237880912990629
0.0016725388588016644
0.002244954745332529
-0.0018887209218532925
-0.002071932382435458
0.0020819179731291185
0.0018811758465618372
-0.0022462244978581967
-0.001680857054099224
0.0023580475859361336
0.001471123355523406
-0.0024140794004290328
-0.0012753352687777937
0.0023939928761657816
0.0010890220793679769
-0.00227740022936704
-0.0009251527089791843
0.0020654442227447394
0.0007823256421686564
-0.001749312309941117
-0.0006645470685796825
0.0013461109853880162
0.000579056781358476
-0.0008682884869542538
-0.0005204132704262089
0.0003468525405812939
0.00047714630897887
0.0001991575463467584
-0.00045358243810717874
-0.0007449473658163192
0.0004511211904776458
0.0012741307390305287
-0.0004800819326860528
-0.0017634337438009922
0.0005207140052173717
0.0021875086289572057
-0.0005523423904928031
-0.0025449066045153865
0.0005693262184640001
0.0028300341846319217
-0.000590000099361277
-0.003037177974480598
0.0005890028893893892
0.0031594037803557616
-0.0005714956974038457
-0.0031958600613300543
0.0005224326384758265
0.0031513453338040277
-0.0004522791148922881
-0.0030403315509729394
0.0003659405888925957
0.002850294802651812
-0.00025318730581997567
-0.0026021552157301964
0.00010302762202003963
0.002319887849748442
7.508936771506005e-05
-0.002026163017870578
-0.00028910827475554584
0.001735349153766977
0.0005085271447456181
-0.0014488165003463613
-0.0007371717224905188
0.0011773896466946829
0.0009845145873206159
-0.0009134605003092544
-0.0012333003931225158
0.0006692214515583641
0.0014660797276125456
-0.0004402821168096479
-0.0016589819947986707
0.0002354259838723753
0.0018018931311289965
-5.0949048167212775e-05
-0.0018848927548020776
-0.00010998097761363679
0.0018844953309528872
0.00024789268248519335
-0.0018302792098602064
-0.0003652464359895915
0.0016981043504101213
0.0004603966650391016
-0.0014880610689767808
-0.0005456570335522111
0.0012066342977005164
0.0006118189250039647
-0.0008661006844820717
-0.0006388031098862121
0.0004515678549837162
0.0006353846525839826
1.7796851893781056e-05
-0.0006127659736940922
-0.000509265185255412
0.0005866801281386924
0.0009872986712764977
-0.000546459315062282
-0.0014552033109759873
0.0004561120950756165
0.0019038624720406677
-0.0003503586667877037
-0.002307209149423544
0.00021699991800677775
0.0026504320728313263
-3.078933369916336e-05
-0.002917191943376554
-0.00020730209008321444
0.003098241690831267
0.000490096919585542
-0.0031699391427529476
-0.0008050205659876588
0.003139820295407164
0.0011568271954549019
-0.0030330198940866173
-0.001519647154511969
0.002838705022412777
0.0018732520890951802
-0.002559491289997343
-0.002214500746080451
0.0022021587102627168
0.0025061076374504505
-0.0017965954989694018
-0.0027215759649393354
0.0013520954854911393
0.0028470169991311493
-0.0008761886397266092
-0.0028784623785429947
0.00040196667206964404
0.0028262906378084054
5.4840786242731115e-05
-0.0026853518166648585
-0.0004863365307399275
0.0024658177855106695
0.0009041306362921063
-0.002183295431338575
-0.0012740355633036621
0.0018571609211397013
0.0016018981224250398
-0.0015097121046361655
-0.0018734900706451185
0.0011451451859547206
0.0021195778219829835
-0.0008105006414932383
-0.0023567937366962438
0.0005395966031202011
0.0025770015061932967
-0.00034973081257601085
-0.0027949531427941304
0.00025314525822383037
0.003019744014540528
-0.00024997688016789485
-0.003226903659389147
0.00032561857920707755
0.003417857019881717
-0.0004765839700187749
-0.0035813791665515195
0.0006883947746253119
0.0037014980243902135
-0.0009370426831168859
-0.0037636173582627206
0.0011817283356652904
0.003740739207784728
-0.0014276519401741753
-0.003617872033978421
0.0016731047722386252
0.003365668152857335
-0.00189673322694574
-0.0029958100088141016
0.0020784695542796572
0.0025065809758362543
-0.0022145766002651364
-0.0019016028781971553
0.0022890895702402827
0.0012151068351034455
-0.002297757743481488
-0.0004701750186432955
0.002255814348285152
-0.0002844084904487989
-0.0021644636564201983
0.0010203682180908685
0.0020325241589723647
-0.0017226634108109627
-0.001863815393198978
0.0023684747720336685
0.0016731737404499635
-0.00294854929620444
-0.0014575210249031748
0.0034603701566649605
0.0012381256165003838
-0.0038807020865297675
-0.0010294820744750999
0.004225906952579916
0.000828298727320359
-0.004468962702478697
-0.0006489536123832708
0.004622192654690166
0.0004976576046019684
-0.004705144668852734
-0.0003512069483922718
0.0047189770968424785
0.00022024681774582126
-0.004674883363538767
-0.00011742865271335636
0.004586055336072755
1.8073451630532842e-05
-0.004469761695891734
6.171056964147955e-05
0.004342612942655312
-9.468037729421526e-05
-0.004216350348721204
0.00010314698082659244
0.0040944169868862524
-9.13919240955279e-05
