Spins Simulated:	100000
Sample Rate:	1000.0
Sample Size:	1500
Read Time:	1.5
Diffusion (cm^2/sec):	1.0
Gradient (G/cm):	0.001
f0 (Hz):	250
Data Start:
0.0
1.0
-3.269645230977716e-08
-0.9999999942377955
-7.538921443030799e-07
0.9999999423085192
1.6153841476157627e-06
-0.9999997500895912
-2.188280701773344e-06
0.9999992745197637
2.2747951138966735e-06
-0.9999983178603474
-1.974554406539359e-06
0.9999966201249332
-2.1362939124779592e-06
-0.99999387233631
6.742808576730847e-06
0.9999897100330613
-8.794048824007363e-06
-0.9999837381590586
1.3546299760944759e-05
0.999975490121405
-2.561866439665586e-05
-0.9999643989603678
4.2044674410825436e-05
0.999949971689616
-5.737680978154524e-05
-0.9999315490892251
7.236227983671944e-05
0.9999084284273368
-9.024938681472814e-05
-0.9998799133448169
0.00010962199910404003
0.9998452773867442
-0.00012881961483046534
-0.9998036907092439
0.00014336705342155465
0.9997541428636126
-0.00015851481902249667
-0.9996957437442521
0.00017717825671503663
0.9996274914489206
-0.00019729975533063743
-0.9995483803767357
0.0002124135263083932
0.9994574315711572
-0.00022924281368711465
-0.9993536056180743
0.0002462483615170713
0.9992355199558565
-0.0002627011744581384
-0.9991021026480669
0.0002796466670308295
0.9989523396341942
-0.0002998053623266756
-0.9987847119882547
0.00032320369655596155
0.9985983191872473
-0.00034334983621609356
-0.9983916234482942
0.0003648404136850651
0.9981626551190071
-0.00038542731204924916
-0.9979097041436896
0.0004037349658101104
0.997631910669648
-0.00041937627544157916
-0.9973278638717862
0.0004375706933880901
0.9969953076100441
-0.0004505293206309587
-0.9966319421972925
0.0004615564358553092
0.9962357112282114
-0.00047241085106781983
-0.9958063424298577
0.00048654684891210286
0.9953402868324321
-0.0005033271596180064
-0.9948355214254893
0.0005227250450224616
0.994291200006472
-0.0005457101942052549
-0.9937063781726696
0.0005775835002756173
0.9930777280763168
-0.0006129539465572659
-0.9924032696012315
0.0006455875454953763
0.9916817202912206
-0.0006846937598397474
-0.9909120498467954
0.0007310403837848584
0.9900903679687922
-0.0007716242725875036
-0.989215775816006
0.0008024909253357333
0.9882858650417552
-0.0008320645550952874
-0.9873005799579075
0.0008623833193726638
0.9862567853279779
-0.0008912836499157492
-0.9851546220611258
0.0009195884150475396
0.9839896178251792
-0.0009532239226654974
-0.9827625559018425
0.000984192482141719
0.9814698167433162
-0.0010114489687811765
-0.9801098029231241
0.0010372780236182501
0.9786807499548589
-0.001069958637375479
-0.9771785530016577
0.0010967776201205655
0.9756027458243002
-0.001118847983581051
-0.9739544342666769
0.0011366082603414544
0.9722294914114193
-0.001155182037095839
-0.9704279209447058
0.0011779319905728212
0.968549722542657
-0.0012066832292712258
-0.9665893236604268
0.0012270965421351484
0.9645447258280124
-0.0012504021003987241
-0.9624119972186874
0.001277925195006226
0.9601915323292571
-0.0013032563990589383
-0.95788115159333
0.0013241509467801578
0.9554812794743761
-0.0013474801363003535
-0.9529915561094555
0.00137789097747528
0.950416163386975
-0.0014151712318965924
-0.9477517986008409
0.0014562092421354581
0.9449987899984625
-0.0014925578296751455
-0.9421507244510303
0.0015223494023013416
0.9392104218431652
-0.0015480335397758786
-0.9361766885124094
0.001567921934534002
0.9330526183799015
-0.0015876560309838353
-0.9298334423609438
0.0016032309496545644
0.9265172474565313
-0.0016115641967258242
-0.9231055067519467
0.0016137668287559187
0.9196006069565033
-0.0016172525975372228
-0.9160072104308691
0.0016144847762030758
0.9123202260240715
-0.0016136989259293755
-0.9085435208066868
0.0016094705227235682
0.9046757460240095
-0.0016110460185882517
-0.9007186480854661
0.0016093311126380995
0.8966798193949544
-0.0016099526623792621
-0.8925527190646937
0.0016033479572078284
0.8883445497806457
-0.0016090445679523134
-0.8840586884963686
0.0016088699785435725
0.8796902164719518
-0.0016096373492092441
-0.8752383306976936
0.0016069707349450602
0.8707055049334843
-0.0015985110175640498
-0.8660990965661799
0.0015875017790637246
0.8614173173356416
-0.001582858946339374
-0.8566604457181036
0.0015806824811415126
0.8518321813696345
-0.0015731409072919714
-0.8469292917086902
0.001567746688791551
0.8419586005970178
-0.0015540259171377506
-0.8369235543781799
0.0015453701701258044
0.8318242135885658
-0.0015386039942608348
-0.826665046978571
0.001529093236787976
0.8214455110955728
-0.00151760021162054
-0.8161664391188903
0.001508947982555907
0.8108254423470251
-0.0014902437721291833
-0.8054340981536577
0.0014661420645006571
0.7999946826551702
-0.0014315622794957648
-0.7945073951263617
0.0013918329360154131
0.7889748009556292
-0.001359004552063327
-0.7834009766416518
0.001334546307619903
0.7777927106524352
-0.0013137040556654835
-0.7721495297645748
0.001296804731218702
0.7664719003404574
-0.0012708819840758184
-0.760763248644819
0.0012367489982153025
0.7550295195846121
-0.0011986771843622015
-0.7492623471078999
0.0011468270184113193
0.7434695405657452
-0.0010854526395944065
-0.7376614984083958
0.001020518264138571
0.7318330540731756
-0.0009531259499019543
-0.7259830412227484
0.0008832340081208772
0.7201188091607251
-0.0008174340149263267
-0.7142451323768007
0.0007556063941669604
0.7083620599746897
-0.0006836459003342944
-0.7024704580583336
0.0006144003903256086
0.6965810239456637
-0.0005509606990219026
-0.6906946881457895
0.0004896605484888286
0.6848086391226148
-0.00042394326964242116
-0.6789212717346121
0.00035298283254944627
0.6730435105810217
-0.0002828834804649674
-0.6671736895626567
0.0002121379402199885
0.6613151409326743
-0.00014502395768998727
-0.6554639045282815
7.468761546543258e-05
0.649634155225288
-5.516269372034048e-06
-0.6438200640520202
-6.310154076540779e-05
0.638013415974836
0.0001289170949200679
-0.6322262411168543
-0.00019265903404729032
0.6264623529946726
0.0002518613680203192
-0.6207210132021057
-0.000308203777713308
0.6150006398168227
0.00035670243099574764
-0.6093025989827112
-0.0003977379276454101
0.6036301116609009
0.0004400562226660144
-0.5979866291811616
-0.00048137675395660667
0.5923811760755413
0.0005167522505116046
-0.5868120888108176
-0.0005619993400735615
0.581274976121464
0.0006067299792902046
-0.5757710093731717
-0.0006450323047951974
0.5703070784036551
0.0006740056796005734
-0.5648737528873258
-0.0006952014507988544
0.5594857605854988
0.0007176817695207857
-0.5541439191528759
-0.0007381247124054199
0.5488517934976463
0.000753381173704663
-0.5436013612339414
-0.0007572400015955179
0.5383915205462422
0.0007543008824261022
-0.5332303225865617
-0.0007344477960379971
0.5281109653860047
0.0007065223197027232
-0.5230266686368042
-0.0006670754000333235
0.5179776061681424
0.0006225065693604668
-0.5129813382815108
-0.0005720024501750777
0.5080205004810397
0.000523875648626375
-0.5031007907096332
-0.00046912033854376096
0.4982228316254351
0.0004096627037099305
-0.4933794040516434
-0.00034736201869622695
0.4885767725200347
0.00028624730870205746
-0.4838071970257569
-0.00022011345696386155
0.4790907401627806
0.00015376760186702033
-0.47442772951803713
-8.736949319239117e-05
0.4698163092967622
1.825745857502751e-05
-0.465261721874985
5.627026029083149e-05
0.46075499434803396
-0.00012643687558386234
-0.45629401895645316
0.0002001483822582719
0.4518875370587617
-0.0002721680534229805
-0.44751243530205564
0.0003449771277378469
0.44317115236296695
-0.00041144747313266944
-0.43886740780991634
0.00048129370765315096
0.43461425833837125
-0.0005521209098020282
-0.43042344576495906
0.0006169332117213178
0.4262804224001154
-0.0006816136944753463
-0.42218389780991145
0.0007325104580689307
0.4181327541858106
-0.0007727998970194112
-0.41412670497422566
0.0008012428384551425
0.4101606225168155
-0.0008080597913789875
-0.4062381927828023
0.0007974056231031722
0.4023529038225933
-0.0007719763441878303
-0.39851326089579475
0.000737887227535508
0.3947170526261241
-0.0007037498046859777
-0.3909560152525111
0.0006786946266697172
0.3872231021292732
-0.0006502666161760298
-0.3835269660752599
0.000618582719016321
0.37987039468961864
-0.0005833323229957165
-0.3762443252198114
0.0005483246993156866
0.37266915824092234
-0.0005192664090662103
-0.36913123482241333
0.0004979859543425354
0.3656270476164832
-0.00048147262930235425
-0.36215568342135945
0.00047800027612219685
0.35871360361556676
-0.0004692720259705944
-0.3553006235353075
0.0004660897401223672
0.3519155077817452
-0.00046551083606121595
-0.3485552802159344
0.0004619325389541293
0.34521951043728133
-0.000468545324422606
-0.3419082147333917
0.0004819958685489869
0.33862463527328157
-0.0005127761446742116
-0.33538357011617187
0.0005451551177731595
0.33216773942870054
-0.0005762960498971618
-0.3289804988858302
0.0006073387283501326
0.3258305504547915
-0.0006419584063889558
-0.32271406720768436
0.0006782188707015614
0.3196264076514991
-0.0007085044274575295
-0.3165637883128469
0.0007458497880420401
0.3135230475440944
-0.0007903141940388688
-0.31052704463405023
0.0008321934834786603
0.30757608779757084
-0.0008765823068144959
-0.3046565225524112
0.0009290113016344483
0.3017830251286969
-0.0009782031292710142
-0.29895742888550914
0.0010319875322954766
0.29616696097362755
-0.0010779796447138174
-0.29340962171646523
0.0011141503351703357
0.2906925859157007
-0.0011521494697816013
-0.28800482828787366
0.0011825823733371728
0.2853477732360715
-0.0012097304367865184
-0.2827101484977543
0.001244353566052863
0.2800920739361579
-0.0012872964330759593
-0.27749978070555614
0.0013208304008810485
0.274932958032772
-0.0013545311168808977
-0.2723893214251543
0.0013940601753575051
0.2698740241455925
-0.0014281209089414394
-0.2673732301766918
0.001467655844384673
0.26487602326867943
-0.0015029870770492863
-0.26239422287665476
0.0015420271234525406
0.25993428806227264
-0.0015765355306209662
-0.25749306032335817
0.0016040376868847674
0.2550506211937133
-0.0016174886010474959
-0.2526107776945919
0.001617485210555096
0.25018058172533586
-0.001600223914060674
-0.24775943352731783
0.001577005682899471
0.24533726724676347
-0.001544419053077482
-0.24291660335946524
0.0015056746470168308
0.24051782055158544
-0.0014697157701091155
-0.23814243404341082
0.0014388639986650075
0.2357859412182537
-0.0014139481312228214
-0.2334565945570339
0.0013856010604710509
0.2311526863901563
-0.0013637068388139709
-0.22887587723563413
0.0013413508199649285
0.2266304207319359
-0.0013108831618113884
-0.2244274174935086
0.0012828988077510436
0.22226551453124213
-0.00127822817981443
-0.22013766120751313
0.0012827096161333166
0.2180629158926973
-0.00128461940517719
-0.21602780084686818
0.0012887463520580313
0.21403937878446852
-0.0013018589369913666
-0.21207879408762373
0.0013219221873429865
0.21014499163022965
-0.001349542585045338
-0.20823782975364424
0.0013779778736629437
0.20635285199623157
-0.001394425817619526
-0.20449440399239485
0.0014030930724633756
0.20266602703367909
-0.0014040053183610234
-0.20085230493448297
0.0013854740758757992
0.1990563758632115
-0.0013605248584124701
-0.1972832051628746
0.0013226176110229947
0.19554231969732047
-0.0012632363921767332
-0.19382994602838052
0.0011945841475708141
0.19213644569463392
-0.0011068774019655264
-0.1904655686013521
0.0010122436487205611
0.18883144065115787
-0.0008978877720378822
-0.18721706378335146
0.0007754803714983083
0.18562843251932862
-0.0006578236704560828
-0.18405911647456266
0.0005473431233445133
0.18250911846045978
-0.00042353745137938535
-0.1809752130335926
0.0003051763825547587
0.1794624987069049
-0.00017979950584412146
-0.17796329105228959
6.122802947683287e-05
0.17647112870187504
4.374918652439829e-05
-0.17498760039455796
-0.00014515607489787446
0.17350891724854176
0.0002491256956812147
-0.17203884488084797
-0.0003581024425824945
0.17058548673229884
0.0004688187098116241
-0.16914417968544462
-0.0005695617399080579
0.1677249374061209
0.0006646737226509454
-0.16632136224117364
-0.0007515620863648403
0.1649218561095529
0.0008247632285898977
-0.1635301491609813
-0.0008856720928776641
0.1621474674375302
0.0009391108831400624
-0.16076315595809215
-0.000977660981528991
0.15936572866012197
0.0010027940596939722
-0.15796283530330454
-0.0010086461281864857
0.15656077727757423
0.0010013280627698508
-0.15514741268821194
-0.0009963395675444838
0.15373339903863706
0.0009867843663713073
-0.15232250723956725
-0.0009656999819502828
0.15092789566702441
0.0009273962227058023
-0.1495309109911298
-0.0008893846470240769
0.14815501149990518
0.0008615589211681692
-0.14678806472590664
-0.0008370132868611036
0.145442389552078
0.0008139327328570506
-0.14412457664534253
-0.0007834016256878018
0.14282946119251272
0.000752070333884512
-0.14154230942887483
-0.0007124540254859934
0.14027159833821165
0.0006640352879566218
-0.13902244384073625
-0.0006152342783160297
0.13778924829121483
0.0005630009916452763
-0.13656769398994914
-0.0005030178227125691
0.13534603188036876
0.00045475664609025867
-0.134117451620513
-0.00041483276583556593
0.13289576016569082
0.00036499029253955393
-0.1316771651503641
-0.00031865132966373585
0.1304547582104589
0.0002624676763519592
-0.12924054524300596
-0.0001925718884652917
0.12803587178171086
9.328801357128645e-05
-0.1268384490871253
2.2118407565050557e-05
0.12565044271548903
-0.0001446050077406027
-0.12447816150227466
0.00027864502790826045
0.12331372719709405
-0.00041884242409013974
-0.12217379208812154
0.000565525937643646
0.12104946149473432
-0.000711111467158292
-0.11995171963028194
0.0008655573267275221
0.11888930235945573
-0.0010136392643292705
-0.11784080215759143
0.0011473514756228675
0.11681717095417314
-0.0012610678603429803
-0.11581358122342243
0.0013501458132536034
0.1148377533189866
-0.001417491804008682
-0.11388504417064266
0.0014712206387347793
0.11296192795709409
-0.0014936895237656366
-0.11206241602750693
0.0014949010729655634
0.11117835932940849
-0.0014706370121843003
-0.11032979595844435
0.0014282714312840407
0.10951490823533834
-0.0013788404867453262
-0.1087527587550204
0.0013189991041794406
0.10801783306157406
-0.0012692423664833394
-0.10729212268561802
0.0012221987215800631
0.10657452428314503
-0.0011867000306091762
-0.10586331957507548
0.0011566463308543989
0.10514676902880127
-0.0011478798047704739
-0.1044160658110462
0.0011658677267943457
0.10368504010879535
-0.0012141249921082014
-0.10294723038699026
0.0012908452660927
0.10219714570186088
-0.0014009116227891984
-0.10145439094959681
0.0015398714546366785
0.10071248825008429
-0.0017012747161959082
-0.09997226528257365
0.0018711259329622844
0.09923418084980229
-0.0020569298883091453
-0.09849865914269719
0.0022549087512834763
0.09777042402724088
-0.0024332729095181216
-0.09704810946381028
0.0026035717852881187
0.09634187429724775
-0.0027353624965105886
-0.09563498722465578
0.002844406894960325
0.09492061106621955
-0.0029125555036225792
-0.0942082345887294
0.002943829820941799
0.09348690113166484
-0.0029440518562477186
-0.0927603597511886
0.002927195507918404
0.09203033325925565
-0.0029103727457242988
-0.09128292677586013
0.002910876800256227
0.09051931798453958
-0.002927932016183265
-0.0897433691990648
0.0029547959353564473
0.08897035717324289
-0.0030042595920997486
-0.08819711746866342
0.0030706255726151476
0.08741395599837601
-0.003154171574962341
-0.08663118845803135
0.0032490970167236505
0.0858521388081562
-0.00335558641755975
-0.08505545106223461
0.0034814507198849855
0.08425487911880815
-0.0036249742419824584
-0.08347383649518098
0.0037700179189754865
0.08270914291003886
-0.0038983312440134168
-0.08197738757100399
0.004006019515594126
0.08126097308675416
-0.0040928336537730745
-0.0805680103676869
0.004161344149221298
0.07988544284979203
-0.004185141297048477
-0.07921471997228437
0.004174101675535804
0.07853254476028286
-0.004149884243875145
-0.07786152899819637
0.004101159766829939
0.07721611394406296
-0.004028246133643642
-0.07658697299462468
0.003924427244503188
0.07598318505379148
-0.0037920149800477836
-0.07539802954982604
0.0036411286012105583
0.07482285901079559
-0.0034686051599196028
-0.07426623908461423
0.0032992823773616508
0.07370511453893593
-0.0031066776022640515
-0.07312571499959733
0.0029171147294762695
0.07253897483429944
-0.002727630444742031
-0.07193049543182693
0.0025684089635145597
0.0713161012909804
-0.0024420917472594765
-0.07068573325956924
0.002340226180772637
0.07004420643474454
-0.002269672259282329
-0.06939024539564267
0.002236567249642946
0.0687184535672566
-0.002250836886511434
-0.06804854501709752
0.0023034281120647327
0.06737194800790594
-0.0023795669135090627
-0.06667475135570337
0.002476075401469964
0.06594752808457299
-0.002587748392057631
-0.06520581692946706
0.0027100991329566484
0.06444971142348736
-0.0028540826914562048
-0.06367699928892559
0.003021951567782923
0.06289406062335047
-0.003222302826413645
-0.062128519754596094
0.003429979554612991
0.061400790020530435
-0.003672157787986495
-0.06073918903929276
0.003955478161745366
0.06015209922266079
-0.0042542359240333
-0.05962713348909072
0.004549112114794558
0.059165539925656506
-0.0048280815511479456
-0.05876345975758507
0.005080105829537539
0.058396045082894886
-0.005288011447876843
-0.058057848690980865
0.005472629431892232
0.05773312130238854
-0.005629670288029627
-0.05738060428503631
0.0057580742805928556
0.05698836935288766
-0.005865754513256093
-0.056553456772796246
0.00595609287560264
0.05605013125001384
-0.006043381677922983
-0.055485437184439254
0.006140097524437308
0.05486153776273923
-0.006242495605518282
-0.054182245739275374
0.006324914162575675
0.05345275487614306
-0.006382108097044254
-0.05268554867032887
0.006396984959974809
0.05188778097890112
-0.006386679653550821
-0.051072348860413765
0.0063384430197287595
0.050255628600709264
-0.006251211316362539
-0.04945090846386528
0.00611982244774639
0.04870383057229908
-0.00596669906198834
-0.048017422292385904
0.005791748007083361
0.047390525707723646
-0.005624268355595837
-0.04680903799913034
0.005460950677969868
0.0462815920739452
-0.0052877568596128004
-0.04580519810374046
0.005115593906068827
0.0453779782431614
-0.004926896841504284
-0.04497192636174544
0.004717026663206773
0.044578849943283705
-0.00449539310005451
-0.044203704962134625
0.00425782315817477
0.04383964748466735
-0.003988157681272573
-0.04347927203699509
0.0036981071723104007
0.043127343783168966
-0.0034059121975476207
-0.0427726363262309
0.0031263508886962476
0.04242959252365222
-0.0028656000444692757
-0.042122147603258275
0.0026195118839884746
0.04183773095107174
-0.0024033662481785754
-0.04157210328498488
0.0022142553712549227
0.0413366747905896
-0.0020518061249059057
-0.04115302792268816
0.0019238555930352614
0.041008699056743196
-0.001823143518698952
-0.04090302890471864
0.0017588553733489888
0.04082607135824712
-0.0017265367485560655
-0.04075261947780705
0.0017206540376967431
0.04067122034268209
-0.0017313071506471853
-0.04056153376881248
0.0017517991488991912
0.040410728266569655
-0.0017834100108878497
-0.04023273171175714
0.0018221501371577331
0.04002393130419154
-0.0018676797345483405
-0.03978424458418703
0.001930500489883335
0.03953069131305856
-0.001985110246007292
-0.03926998343546088
0.002030513054091848
0.03900727815652417
-0.0020629654702684556
-0.03873167421415063
0.0020965439438336082
0.03842834849404928
-0.0021162830330840494
-0.038095254354191296
0.002122605538097688
0.037751852520277754
-0.002120403003885326
-0.037382391327438216
0.002112993989796126
0.036973568784315014
-0.0020890134410174736
-0.036541870837868154
0.0020373518022973967
0.03610292466868272
-0.0019391790347141888
-0.03566317523076107
0.0017907515024762927
0.03519951517900266
-0.001598307675260336
-0.03472146752364027
0.0013785037955557414
0.03423775062100044
-0.0011577067493834076
-0.03374570302932927
0.0009541386303556894
0.03327012245894915
-0.0007953554991984149
-0.03281967696868252
0.000688253152406619
0.03239246054375585
-0.0006357699315521827
-0.03199021804004487
0.0006269082718712964
0.03164624597364761
-0.0006501012853456527
-0.031359341394257396
0.0006960207514746199
0.031127971570630773
-0.0007582614934830194
-0.030933486352572374
0.0008522737886791128
0.03077102850961537
-0.000971816409729674
-0.030588410340626752
0.0010975149319175253
0.03040361265061983
-0.0012399797718062057
-0.03018963833358698
0.0013552863965396557
0.02993461523315313
-0.0014458761167665507
-0.02964675009454325
0.0014980156736952243
0.029324298720662365
-0.001507192599060276
-0.028979969028265374
0.0014463860816930657
0.028608965508890735
-0.00129328549716756
-0.028231707561737217
0.0010866477124143988
0.027844002110081943
-0.0008516868480815074
-0.02744567768565171
0.0005932741294720588
0.027035883465871106
-0.00035054607609212693
-0.026619903256174804
0.0001203472837898689
0.026217966342157704
7.708149226879839e-05
-0.025837877949482675
-0.00024030435887988598
0.02550415528563373
0.00038113866526775234
-0.025232202406316417
-0.000505875900285083
0.02500152998348163
0.0006295191514146883
-0.024811447595848038
-0.0007280216891904904
0.024643071650205954
0.0008129081892845099
-0.024467687279822986
-0.0008783814150817917
0.024256792718965837
0.0009224270507300206
-0.02399976783304364
-0.000946990663818545
0.023693219277678597
0.0009466496509206282
-0.0233428505136443
-0.0009152267991402852
0.02297232527346837
0.0008460515966763808
-0.02259938280930738
-0.0007304962274888961
0.022237372089027218
0.0005777077893468768
-0.02188840786015582
-0.00037976330843653014
0.021519550246932626
0.00013042773524798938
-0.02114210389747315
0.00012101583939752335
0.02076539524801453
-0.00037462806826603855
-0.02038317255206796
0.0006098724660636467
0.020027466169433995
-0.000818532772225296
-0.01969941005412997
0.000997032827613598
0.019396371836883808
-0.0011430592841027317
-0.019102355019494806
0.001243628298200912
0.018828112058885033
-0.0013118370151875688
-0.018589283164846735
0.0013477836343225177
0.018373904585346063
-0.001377250574548621
-0.018168048858734975
0.001395103254693691
0.01797387644649809
-0.0014459508164394264
-0.01779172823196025
0.001555603514510397
0.01763878324394387
-0.0017049003197608479
-0.017479413887044607
0.0018736602748366912
0.017290159818216615
-0.0020194380117914777
-0.017085401060421987
0.0021067640867673074
0.016880252288032454
-0.0021399678256723356
-0.016690723794274335
0.002118597812023313
0.01655160586870517
-0.0020445310059487637
-0.016466543059541597
0.0019297202477889114
0.016465575689757584
-0.0017844459364703717
-0.016560329144156095
0.0016187843997189737
0.016749032133401166
-0.0014670904722839154
-0.01701339265080256
0.001309542562486152
0.01729957197892379
-0.0011530903659473252
-0.017575466943593302
0.0009643098600690079
0.017805942480431887
-0.000731849344129169
-0.017984137352114685
0.0004535452703699177
0.018083274437790665
-0.00010508260272221759
-0.01810272589524135
-0.00028462007903164155
0.018035540969841633
0.0007225580488125769
-0.017883575151103805
-0.0011497320009033214
0.01767451374903683
0.0015538322095081866
-0.017438428220445213
-0.0019119528356543014
0.017201266045974016
0.002208145577731223
-0.016970233425208207
-0.002446122691084328
0.016736578915954127
0.002595266210264477
-0.016515940282808013
-0.002638032740446439
0.016273489109118754
0.002552966559330165
-0.016028791773051155
-0.0023167798019924275
0.01578898585268821
0.001931477317031809
-0.015577632977229765
-0.0014137337417632545
0.015417889146572702
0.0007981260311699679
-0.015296339142303378
-0.00016082114926884092
0.015238188047949752
-0.0004753792463157497
-0.015239032809330547
0.0010614913792272548
0.0152764557051859
-0.0015658402501449971
-0.015337378007732464
0.001958383028039463
0.015411448625094065
-0.0022196575465530358
-0.01549098711254577
0.002363610842966782
0.015509528437376106
-0.0024087257077728425
-0.015461123218611164
0.002369618016855274
0.015316269303421445
-0.0022913063378234484
-0.01507899326102401
0.002198533395584395
0.014783185464828633
-0.0021174063135379535
-0.014443232008133784
0.002037926513818477
0.01411395655558357
-0.0019417697145669333
-0.01382450102968341
0.0018268334890632185
0.0135968532426367
-0.0017073326418194951
-0.013443474817375492
0.0016121456576029835
0.013361854571963703
-0.001566411219349111
-0.013339813789243107
0.0015681179613924944
0.01335163458427753
-0.0015834401914564498
-0.013397385090407596
0.001600367276441813
0.013490248106275986
-0.001566569793097454
-0.013627473084378979
0.0014989764272191062
0.0137889680678418
-0.0013934910917533544
-0.013976333589129256
0.001285217487621453
0.01416197834489071
-0.00119013977157382
-0.014295292481563502
0.001134203121124381
0.014337453820332493
-0.0010958045355516127
-0.014272180223411805
0.001080766235135651
0.014088914786529495
-0.0010662024401652944
-0.013792252030557747
0.0010423877342673861
0.01342372254407744
-0.001029210799159176
-0.01302699209826616
0.0010319211550347536
0.012620920043121688
-0.0010409302720579116
-0.01220510496797436
0.0010452325951685658
0.011782343232877026
-0.0010809020697466845
-0.011380612007299878
0.0011440940005913846
0.010988813867922897
-0.0012183614282334355
-0.010613525001902343
0.0012869438668490583
0.010260315263469499
-0.0013389517056926715
-0.009916684948560597
0.0013903509797138947
0.009605170976107138
-0.0014619663915622372
-0.00928792619312461
0.0015576212069658697
0.0089795438842783
-0.001637672031755968
-0.008728283105465019
0.0016739581411036122
0.008496549623050754
-0.0016367897916049058
-0.008269799636609234
0.0015156190337989024
0.008056942504010001
-0.0013184639817376655
-0.00790063337828916
0.0010714990943711392
0.007838339965124492
-0.0008119714988302977
-0.007870130837089038
0.0005635005986784375
0.007966003818330132
-0.00036559682742853973
-0.008116057094707245
0.00025020026122922587
0.008273176592080574
-0.00025444870432004787
-0.008407345219302205
0.00032907514226110694
0.008490838618595795
-0.00038827464904374483
-0.008517597955015027
0.0003710160188707786
0.008491758895375715
-0.00027564291397093506
-0.008450029631044336
8.708086975149003e-05
0.00843160017215319
0.0001660825512621611
-0.00847108144644262
-0.00041446627749015564
0.008561238286679984
0.0006055025413080604
-0.008692530040084866
-0.0007213426856640736
0.008817630198041645
0.0007271639196851147
-0.008887816966747555
-0.0006180394393240177
0.008895409320377502
0.0003903935900218348
-0.00886276534517076
-6.725159407799266e-05
0.008819666025946318
-0.00032983621974312785
-0.00877884748373992
0.0007906771805624468
0.008751841674088472
-0.0012969546648765437
-0.008712211939360207
0.0018197241343660703
0.00863600200147466
-0.0023026297541094416
-0.0085257949261355
0.0027069731665857384
0.00833043503125874
-0.0030156916524358085
-0.008066506936960323
0.0032164829697422627
0.007732483445080025
-0.003344360645465936
-0.007369396528423268
0.0034233218826614795
0.007009306289522827
-0.003489807585141336
-0.006673322892063789
0.0035601725228197613
0.006399666350216656
-0.0036303233242303925
-0.0062133234040915395
0.0036793274016402775
0.006101226342003994
-0.0036977169626177665
-0.006080178544287152
0.003676973156410854
0.0061739322112504755
-0.0036360596568446235
-0.006369195817111285
0.003550694458613209
0.006634791459486819
-0.0034170090563589257
-0.006955967871277234
0.0032627839276257392
0.007298248049353619
-0.003068431351280989
-0.007607319340352207
0.0028353726361086337
0.007844827491163596
-0.0025708815319198824
-0.00794680478112412
0.0022793555273558966
0.007887439007261321
-0.0019585922607019213
-0.007725201472122638
0.001630408310993432
0.0075177245701667375
-0.001341203282942973
-0.00728433810686855
0.0011415065321372273
0.007073619522681398
-0.0010290218267370221
-0.006900756801633292
0.0009795733879418556
0.00679115248071191
-0.0009684855907986925
-0.006773074763342817
0.0009316691782458978
0.006855828369518062
-0.000832368632932243
-0.007010877982815236
0.0006810417861062513
0.007178008804209197
-0.00047980711921280576
-0.007301738966373379
0.0002843946492207497
0.00735308333823796
-0.00012671266339960726
-0.007311772392293736
1.5475914633472892e-05
0.007208967681985007
6.045846056471187e-05
-0.007124902588218753
-0.00012444235321858565
0.007095988622922545
0.0001709768823292706
-0.007126968238096786
-0.00023311549129968577
0.007203627312077785
0.0002824584876691073
-0.007262106020681154
-0.00029710457205470967
0.007241241049003737
0.0002520595815654692
-0.007073843169844916
-9.562520687231861e-05
0.006759052997274345
-0.0001910388295098925
-0.006345550014793721
0.000598721816030963
0.005903372155030321
-0.00106605738617622
-0.005488233189505527
0.0015400882259524805
0.005123933244909563
-0.001965655813696578
-0.00481582311736077
0.002335873347837786
0.004573658319906273
-0.0026714735660607284
-0.004407504934662671
0.0029558665620122494
0.0043123862810482685
-0.0031371116194599314
-0.004289422453382231
0.0031426452305334343
0.004281984060432461
-0.0029323249287515536
-0.004247907857209678
0.002504939859816591
0.004161721422053124
-0.0018808075891063693
-0.004052329328426461
0.0011079304916577555
0.003977926628151106
-0.0002367196250132448
-0.003987617599515503
-0.0007176924767559843
0.004113424867724625
0.0017008578242322615
-0.004297400567042222
-0.002637507819269231
0.004441552861851135
0.0034590871249049688
-0.004493852873057895
-0.00412057863207054
0.004448390458660667
0.004568120324849549
-0.004336608516825172
-0.004770303176876215
0.004188469541351705
0.0046943264504143885
-0.004063026180656784
-0.0043497195136047535
0.004000349385781936
0.003795021198381874
-0.0040244924033145685
-0.0030832788624518283
0.004147292305422732
0.0022955075106693527
-0.004388821969939473
-0.0015232811105808546
0.004736569225746232
0.0008191267509684628
-0.005127908102637734
-0.00019523613395224773
0.005486260139455946
-0.000314358030285529
-0.005728906522256817
0.0006607271580637415
0.0058160948661256625
-0.0007891706099416961
-0.005752303351966498
0.0006708388351375624
0.005568337944176871
-0.0003031416971913816
-0.005332106376089326
-0.00023541980866503443
0.005052058757316847
0.0008197339809060854
-0.004717113913329461
-0.0013642560648997673
0.00431816643440868
0.0018214481026033328
-0.0038808973770213073
-0.002180768004437452
0.0034424047532897943
0.002477061752287386
-0.003031804400958616
-0.002709655888288737
0.002663888940639365
0.0028866559310632154
-0.0023286524035798723
-0.003020367450275367
0.002027483462346041
0.0030979132086476407
-0.001729142363305353
-0.0030928359967356753
0.001462417862800973
0.003023958631193656
-0.001223695210137575
-0.0028936092125365124
0.0010334933778485174
0.0026964519875678447
-0.0009040552932556124
-0.0024381718498968424
0.0008359512020762848
0.0021522776559599905
-0.0008599403261447278
-0.0019223947037568816
0.0009931535949440496
0.0018129490643608698
-0.0012245383837002958
-0.0018626623549214299
0.001506785066095934
0.002033142463139081
-0.001747641024160656
-0.002254095176559872
0.0018686383126134641
0.0024677951920431714
-0.0018530362504086547
-0.002627712574347847
0.0017664355341440127
0.002731108934756308
-0.0016669121011336297
-0.0027837452147657024
0.0016257596199513718
0.002827735396740876
-0.001651316583240865
-0.0028666668611077822
0.0016951579896298885
0.002897113970041391
-0.00163170012975523
-0.002921802749748312
0.0014117588954326138
0.00296395871575804
-0.0010579089572006952
-0.003024887911334302
0.0006799413476844885
0.003080997394113275
-0.00037693598796383076
-0.0031014454429180638
0.00023351395989637086
0.0030299812788161973
-0.0002525019576654317
-0.002836923042752851
0.00040613097802603233
0.002526376148487794
-0.0006398356091328771
-0.0021202817997834317
0.0008887967829972722
0.001709273715361624
-0.0010838580693184787
-0.0013522674674626312
0.0012072889433128065
0.0010656107399067407
-0.0012499314017312322
-0.0008665439344910809
0.0012603476810643332
0.0007657241646967488
-0.0012786739752671742
-0.000740348869021799
0.0013656990510328409
0.0007519200943288113
-0.001548037037799194
-0.0008344680059691371
0.0018155317608514615
0.0009412578577803368
-0.002200070719134736
-0.0010250016588905398
0.0026747272024225904
0.001072041281219259
-0.00321478790039052
-0.0011119444328316036
0.0037249787485621475
0.001227023981266643
-0.004158576473286502
-0.0014717731890598023
0.0044737852892212035
0.0017934900402959458
-0.004690192092261453
-0.0020800005391015592
0.004806330535754279
0.002286956525197463
-0.004821479337366869
-0.002430315087729408
0.004724656608351459
0.002614453476814618
-0.004468363997321786
-0.0028900037851762295
0.0040045239684704855
0.003260356176121731
-0.0033349565867703346
