Spins Simulated:	100000
Sample Rate:	1000.0
Sample Size:	1000
Read Time:	1.0
Diffusion (cm^2/sec):	1.0
X-Gradient (G/cm):	0.001
Y-Gradient (G/cm):	0.0
Z-Gradient (G/cm):	0.0
f0 (Hz):	250
Data Start:
0.0
1.0
3.2961368635406654e-06
-0.9999979397547814
-1.1079973999851532e-05
0.9999875295180967
2.1146593111261175e-05
-0.9999620458247033
-4.0952904113762796e-05
0.9999148519224762
6.437429651835528e-05
-0.9998391364249974
-8.495607333190132e-05
0.9997284629113563
0.00011726961159226586
-0.9995763098214738
-0.000161608964083057
0.9993756252629805
0.00021076263479017209
-0.9991200543654212
-0.0002508963120323195
0.9988029713442813
0.0002935361318534642
-0.9984182251974005
-0.00033740381779874903
0.997958816940699
0.00038135583180008925
-0.9974192675826351
-0.0004180135653410618
0.9967926958354699
0.000460544235778491
-0.996071728239304
-0.0004977484921917481
0.9952508297639733
0.0005331319802416565
-0.9943235008479057
-0.0005676964685523243
0.993283240956359
0.0006028812753024575
-0.9921239204753375
-0.000639100290881402
0.9908402899269507
0.0006899196875036778
-0.9894271681048833
-0.0007405408735344439
0.9878771091734322
0.000787982516802526
-0.9861841768798071
-0.0008328163293328579
0.9843434809957519
0.0008847701879379993
-0.9823458822439314
-0.0009449232832816133
0.9801874587101721
0.0009998444949562153
-0.9778607662398949
-0.0010579341804065668
0.9753622181277126
0.0011146929111099063
-0.9726866115334011
-0.0011660647984973588
0.9698313107121829
0.0012173587870796107
-0.9667893860364246
-0.0012590874528481126
0.9635572962291508
0.0012919201495709138
-0.9601319504841968
-0.0013310222225761613
0.9565059832453212
0.0013705377911096708
-0.9526777317012078
-0.0014020330177995446
0.9486424502909354
0.0014284147501488805
-0.9443925676905817
-0.0014462657731788907
0.9399259011552152
0.001472730790418381
-0.9352394242072243
-0.0014975251635181205
0.9303273064998643
0.0015220974236448044
-0.9251925756423681
-0.0015598561864505417
0.9198346191176731
0.0016082584529058237
-0.9142485846402436
-0.0016521132091669288
0.9084362314508042
0.0016965771518680363
-0.9023930777615635
-0.0017398529058381997
0.8961224371325607
0.0017782260351338623
-0.8896208382590449
-0.001808841669785885
0.8828906949511865
0.0018412179736484195
-0.8759265551438064
-0.0018689750349117748
0.8687331168637529
0.0019000591739068826
-0.8613136881960193
-0.0019320209113385116
0.8536640919779288
0.00196885822063467
-0.8457869469227272
-0.0020076913912400697
0.8376876731893882
0.002049117838922691
-0.829372542258717
-0.002092990405310924
0.8208487212165331
0.002139723577119898
-0.8121102371850072
-0.0021936394874645985
0.8031597774306658
0.0022479475956073166
-0.793997737917567
-0.0023016240255321046
0.7846297120979101
0.0023692978689860596
-0.7750663829193758
-0.00244527877960812
0.7653102079918951
0.002522796849209316
-0.7553576342432431
-0.002593343231635771
0.7452195795996429
0.0026615337771498794
-0.7349095194729641
-0.0027277958719438486
0.724428565170516
0.0027826589962253265
-0.7137843054852551
-0.002831514021696094
0.7029906163004258
0.002882262909570277
-0.692049121520305
-0.0029345410142346336
0.680967095739508
0.0029848957516478347
-0.6697540309155251
-0.003032962210362816
0.6584240232457959
0.003080536503173958
-0.6469741956463457
-0.0031190003219688477
0.6354050126181651
0.0031590780954331237
-0.6237362144865561
-0.0031906395486262845
0.6119815233618175
0.003223052850183795
-0.6001533231187033
-0.003249417677711714
0.5882567985941213
0.003271948851348361
-0.5762965518789778
-0.0032974127421198365
0.5642894579170099
0.0033331512672459688
-0.5522403278655038
-0.003362590883999528
0.5401586352455955
0.003381244227638916
-0.528050324537574
-0.0033939114612306642
0.5159293099958042
0.0034005461485505832
-0.5038074311811986
-0.0034020423181876955
0.4916858152954427
0.003388518267642079
-0.4795838246439947
-0.00337463977555775
0.4675055208086958
0.0033625297927184802
-0.45546919662671254
-0.0033494428093100107
0.4434738654412044
0.0033343802825959853
-0.43153361008461727
-0.0033213774650755618
0.4196654915376715
0.0033034325370804676
-0.4078721389645506
-0.0032822585916446245
0.3961699802422954
0.0032582494100046135
-0.3845693483550143
-0.003241360746531258
0.37307708895857666
0.0032185610550385124
-0.3617058666338562
-0.003194696915864688
0.35045837482730424
0.0031663447675445884
-0.339345339317237
-0.0031269799352190075
0.3283701648249049
0.0030806677931855837
-0.3175433615526482
-0.003027161301246992
0.3068753110499416
0.0029735047441685285
-0.29636806989560516
-0.002928183359060315
0.2860324723555035
0.002881515297488551
-0.27586825089475425
-0.002834068680037802
0.2658809755157285
0.0027887729651274703
-0.2560673779228689
-0.0027431640090488226
0.246434037461305
0.002696700218168483
-0.2369945172929305
-0.0026439879534475947
0.22775630259111748
0.002583728668221108
-0.21872708713705621
-0.0025249260377428143
0.2099050603310011
0.0024635552553146406
-0.2012886007834503
-0.0023958544250396075
0.19288747982868945
0.002324135489704122
-0.18470317407492495
-0.002244250341678107
0.17673664194768848
0.0021640697287082537
-0.16899441834965306
-0.0020800913274712936
0.16147116613395818
0.0019952387342646602
-0.15417239557400772
-0.0019148671131319806
0.1470912073038984
0.0018296144726902862
-0.14022635388988453
-0.0017454950544158543
0.1335770868462366
0.0016623832065158514
-0.12714454355055568
-0.0015765619864660744
0.1209314125873563
0.001487352764312852
-0.11494456441013487
-0.0013943369466859227
0.10918273419560699
0.0012909668667473884
-0.10363156764252121
-0.0011768271319947533
0.09829413180717482
0.001058163319027896
-0.09316014985991655
-0.00093675978174571
0.08822688868764594
0.0008155378064982703
-0.08349353486640915
-0.0006892236401896882
0.07896213598586053
0.0005630606374207063
-0.07462444909214024
-0.0004435825386981099
0.07049054985216799
0.0003156789160198259
-0.06654693947022615
-0.0001907518818368935
0.0627785752198998
6.792152715109371e-05
-0.059186530723513466
5.155960778336711e-05
0.055760300839435666
-0.00016324087732533834
-0.05250951473549017
0.000284548453365627
0.049422427964079044
-0.00040513022166152927
-0.04648754953767317
0.0005224107476688835
0.04371060248285464
-0.0006360703749481545
-0.04108010682452907
0.0007409511002821339
0.03859285720279727
-0.0008438671050264446
-0.03624221620739378
0.0009384684742871768
0.034023913400517934
-0.001036734104928576
-0.03193245748513992
0.0011373647480524933
0.029961848493635975
-0.0012317144578661017
-0.028109609620057523
0.001329530101568781
0.02636737753525214
-0.0014232141291766497
-0.024729837279124037
0.001516143965596232
0.023183929091700646
-0.0016008956377426113
-0.021744706891935712
0.001679512378290626
0.020400926551498465
-0.0017491032668820931
-0.019142453737741497
0.0018118635209496674
0.01796380889631409
-0.0018677012515475222
-0.01686167564990472
0.0019090782884344066
0.01582874355789879
-0.0019402244482690427
-0.014865149268134335
0.0019715383975866503
0.013960359496536187
-0.001996408937007519
-0.013117443728573864
0.0020162327888632436
0.012333654681635598
-0.0020267997662155807
-0.01159339091109559
0.00203151272711125
0.010906132000311276
-0.002029413334842656
-0.010263783639926565
0.0020155436851631717
0.009667190126897573
-0.002003005749758664
-0.009110743094298684
0.0019897302944306416
0.00859463835310899
-0.001973653082665716
-0.008117620045448033
0.0019538892754099777
0.0076725651238210985
-0.001929379311480737
-0.007258372375208978
0.0018955096877782478
0.0068762367408614754
-0.0018481825957098927
-0.006518197024859744
0.001793056293416755
0.006188348921150852
-0.0017312986063330088
-0.005884801446724987
0.0016638773018831797
0.005608972246536891
-0.001586689107259009
-0.005351928235858358
0.0014982273972953938
0.00510840992314396
-0.0014075510680785367
-0.004874420743390205
0.0013080498522283959
0.0046592927240881425
-0.0012063078673181017
-0.0044507372724779505
0.0011012432309249985
0.004258249593993609
-0.0009923571485433223
-0.004076862098207348
0.0008927570818020349
0.003905982537421165
-0.0008046901165447485
-0.0037524837944010775
0.0007196562228437195
0.003616548378377965
-0.0006312059723972695
-0.003486158512664258
0.0005439334941888516
0.00336220676533214
-0.00046223799181490554
-0.00324316933409794
0.0003847179552875856
0.0031297296550046915
-0.00031813591093848837
-0.003020457476239714
0.000252584516204893
0.0029191029288742763
-0.0001789918728385661
-0.0028195595287369506
0.00010445434058040178
0.0027249223952462726
-2.720886388742284e-05
-0.0026334423221974204
-4.4436125399528055e-05
0.002547608448061778
0.00011411405384135273
-0.002465139343807755
-0.00018508417434549328
0.002385391415303617
0.00025091035916327624
-0.002302370489425194
-0.00031573637526845997
0.002217361437513522
0.0003859894886021481
-0.00214126048502233
-0.00045187209532100323
0.002070772271232852
0.0005153015287265247
-0.0020042701189564973
-0.0005782236387316689
0.0019402114973581252
0.0006395429357317348
-0.0018786688161675999
-0.000709091161794243
0.0018258540696681003
0.0007843009822407346
-0.0017706655392278807
-0.0008608254129205077
0.001711786747404018
0.0009408411666844658
-0.0016522781579578322
-0.0010201174594968306
0.00159595740563375
0.0011093432766806342
-0.001540857153380593
-0.0012007913160004486
0.0015042091604434737
0.0012979588777767709
-0.0014819698720987843
-0.0014014063640342756
0.0014619626566332357
0.0015057896630492687
-0.001451894078589905
-0.001612586199723091
0.0014467207971993823
0.0017271315715665944
-0.0014507795723636837
-0.001843876389008545
0.0014671347816433823
0.001954479666662623
-0.001488799190181764
-0.0020732768920039696
0.0015143172786125571
0.002187627653969312
-0.0015508333549362325
-0.002296449111331605
0.0015920805117895626
0.002411307387514523
-0.001633580217717013
-0.0025222340374962044
0.001669110657578038
0.00262784826035544
-0.0017075718210798952
-0.0027272717670363674
0.0017498944479996824
0.002825669669685175
-0.0017961424646976004
-0.0029198326588134077
0.0018519154087890456
0.002994267446209124
-0.001907764153683619
-0.003051251630976765
0.0019642840034083966
0.0030979808386734295
-0.002018982135537321
-0.003133174879162958
0.002076384016210607
0.0031535276096845187
-0.0021366433855795953
-0.0031623036073558895
0.00220306482429634
0.003155133567457008
-0.002271206259783167
-0.003142044367786768
0.002335700090674531
0.003122262285966679
-0.0023987870846174384
-0.0030877213857710153
0.002456884101340309
0.0030493800110456284
-0.002507444250377361
-0.002998021623662462
0.00255311222628545
0.0029372649499890113
-0.0025988757396369915
-0.0028614375658722636
0.00264604848362804
0.0027710825930170224
-0.0026819425936394493
-0.0026618220297524677
0.002701354908802445
0.0025386556621816436
-0.0026985823727995236
-0.0024020679340707716
0.002682080443585568
0.002257558230545934
-0.002657226559187864
-0.0021046505785827646
0.00261860434890864
0.0019381688141384193
-0.0025660964379747623
-0.0017601149276303802
0.0024979108730675
0.001569369648877144
-0.0024174509912558567
-0.0013677217056239641
0.0023209951996594476
0.001157535532320614
-0.002214932919163169
-0.0009408866884431334
0.002098749924195323
0.0007208270031362884
-0.001972272898176805
-0.0004993429181492208
0.0018274835255134916
0.000277331207197626
-0.0016671661046356546
-5.7324268113531473e-05
0.0015022233277600062
-0.0001656561785958375
-0.0013273183210933926
0.0003822583665105713
0.0011441221615382693
-0.0005887425281116325
-0.0009678144693394263
0.000790257877221027
0.0007863304048568105
-0.000986032218442408
-0.0006048697414293476
0.0011726563624055862
0.0004243911538337293
-0.00135013173266623
-0.00023866636882209587
0.0015189273344877272
5.1385249141538065e-05
-0.0016754703503933785
0.0001361302377760095
0.001826523420505139
-0.00031701240534817335
-0.0019676479541288045
0.00048682393384751695
0.002097986118150337
-0.0006558072200481185
-0.0022108495216563973
0.0008174216220455804
0.002312513002265835
-0.0009689624967363323
-0.0024029065030877345
0.0011064887323439586
0.002481321543223729
-0.0012355491944836497
-0.002545135032226246
0.0013626566446016913
0.002591032523687909
-0.0014791665581272248
-0.0026186070984853507
0.0015928548739574389
0.0026343174008718576
-0.0017033226177688523
-0.002631743878006328
0.001801500882697467
0.0026214065179403466
-0.0018945056219143227
-0.002599514148190189
0.0019750735154103896
0.002563507548434492
-0.0020440725751645072
-0.0025222303339750025
0.002108649945824691
0.0024906890128481266
-0.002159837010359146
-0.002454007951586847
0.0021994678130507535
0.002420645614979958
-0.002229258708765737
-0.002400264934099474
0.0022568747129873426
0.002383969472944477
-0.0022754425935485154
-0.002369984526318935
0.002287766511110649
0.002350091929723659
-0.0022970824205942593
-0.0023327902679550205
0.002291825047091363
0.0023116210601671753
-0.0022769898550824585
-0.002287175278420005
0.002262015759050615
0.00226078497961491
-0.0022404015442906533
-0.002234908674246974
0.002217257224709842
0.00220463871559634
-0.0021964158310699895
-0.0021681079473979017
0.0021733023490648146
0.002135024067356811
-0.002152865643566765
-0.0021020981185022195
0.0021278296561735984
0.0020731016660047287
-0.0020966010387155473
-0.0020384761544118618
0.0020566901505948724
0.002000514856992556
-0.002023392136750834
-0.001957297376283507
0.002004752704381822
0.0019134912382851995
-0.001987243114696857
-0.0018663868205043798
0.001960102681355189
0.0018111538971427304
-0.001934690993772447
-0.0017520211242261963
0.0019137435046224667
0.001687607791441534
-0.0018964843712740466
-0.0016180205859598054
0.0018830326260107298
0.001551423221131988
-0.0018773100474049785
-0.0014865198835883244
0.0018683867052878232
0.0014129395364863076
-0.0018572436594232148
-0.0013380587772543985
0.001842510821020152
0.0012698619245554556
-0.0018216677386794717
-0.001203336501419452
0.0017941268133454026
0.0011296889486473612
-0.001762415539977014
-0.0010531871994048914
0.001721511032639067
0.0009793864403201112
-0.0016719322643143225
-0.0008992852015961547
0.0016144217305345309
0.0008177364566413944
-0.0015469370957874387
-0.0007346388253180148
0.0014679729015310864
0.000651669905775642
-0.0013736405361869449
-0.0005671688851676631
0.001259818237704844
0.00048252603574792024
-0.0011316405840795843
-0.0004014732845656505
0.000992548835613976
0.00032090156625108124
-0.0008401204639302793
-0.00024162443531017494
0.0006700241878439997
0.00016539470601972288
-0.0004978969183147928
-9.672068340025935e-05
0.00031762536854247587
3.750338126883578e-05
-0.00013544862710505946
2.066468026701683e-05
-4.6293921022668714e-05
-7.379774594003722e-05
0.00023001818151975422
0.00011841413251298701
-0.00041152609162971326
-0.00015859248653084292
0.0005886572516853763
0.00019715134485498057
-0.000764710762591266
-0.00023206884992193585
0.0009382785324655669
0.00025395660242640884
-0.0011120789634005363
-0.0002716653486577443
0.0012735864807942748
0.000277642132149868
-0.0014282879723533403
-0.0002795788254900638
0.001574881543135251
0.0002772389184811223
-0.0017029244096671689
-0.0002787041768276248
0.0018223900309676363
0.0002790322668098629
-0.0019194326211767884
-0.00027401349864541227
0.001991711802070974
0.00027785054267041756
-0.002039405530304884
-0.0002959433804862075
0.0020648088708539914
0.0003131919623399791
-0.002078498840316524
-0.0003258383021740647
0.0020762926677866177
0.0003430652346267819
-0.002062879839159446
-0.00036307947032177527
0.0020429299213638743
0.0003753224918125702
-0.0020182145584615773
-0.00039249138343170617
0.0019794130360352904
0.000408226431927213
-0.0019278558002833056
-0.00042156042735702197
0.001864037070354551
0.0004348860633283609
-0.0017975219979136968
-0.00044052263837311207
0.0017365699151874496
0.0004448832138987799
-0.0016655529533487327
-0.0004496870885605038
0.0015940423209306403
0.0004603484667732083
-0.0015138851658976073
-0.00047449427551494116
0.001434102421461102
0.000499481241853428
-0.0013554227655357748
-0.0005309828127664517
0.0012869858287689968
0.0005693196759260184
-0.0012248999118723786
-0.0006134630925934018
0.0011673538731161082
0.0006621560657694291
-0.0011197068884136443
-0.0007096522263426542
0.0010805738434144275
0.0007655921164629597
-0.0010405857273187665
-0.0008266369113316231
0.000997602036781584
0.0008888582588455888
-0.000952250048946839
-0.0009561825002071648
0.0009166593559811494
0.0010195127118433184
-0.0008819006221977915
-0.0010911205385057304
0.000843350459976244
0.0011607767778848254
-0.0008006500183163544
-0.0012326932341234173
0.000760460598610565
0.001308505501358308
-0.0007254624264151125
-0.0013883775386651482
0.0006889895163913365
0.0014687863149440666
-0.0006520613716460003
-0.0015470369687711112
0.0006224137640084356
0.001609938251339217
-0.0005975617019269658
-0.0016611577680867658
0.0005820258296203616
0.0017081517895806344
-0.0005642335626656179
-0.0017384360785315384
0.0005475159626511485
0.0017566704669573214
-0.0005301095696068461
-0.0017510766428062365
0.000505341290556361
0.0017381462949814686
-0.00047375246484677823
-0.001715685628209388
0.0004373716869123743
0.001686409459937187
-0.0003929451495634985
-0.0016469877854460352
0.0003463459566478778
0.0016024980858820943
-0.00029548911714267156
-0.001553499919127138
0.00024161548607131873
0.0014887980866023097
-0.00017878371286581048
-0.0014261596787215796
0.00011655874591773425
0.001363019607231783
-5.398847449580409e-05
-0.0012890034406879492
-8.463106167985817e-06
0.0012245113970287115
6.977622618032251e-05
-0.0011615641122671506
-0.0001260113054691856
0.001089460278446089
0.00018844776161091212
-0.0010181097237186756
-0.00025663951621296855
0.0009539766207564199
0.0003245400773354941
-0.0009002193177083756
-0.0003953331644600364
0.0008523938298851675
0.00045970029690341007
-0.0008097647754208971
-0.0005198144156899292
0.0007651430491712268
0.0005725378075323854
-0.0007224338707266765
-0.0006238459342798559
0.0006841238942470561
0.0006763500915520827
-0.0006449440622825634
-0.0007398330791986127
0.0006018757186349218
0.0008082589552279526
-0.0005564886245686091
-0.0008851870529291756
0.0005040526668721684
0.0009665725786945826
-0.000449140485771178
-0.0010576574830186462
0.0003939734656673203
0.0011585902249649283
-0.00033766795458127204
-0.001272717999081943
0.0002762878936607307
0.0013984648081720983
-0.00021496532540120643
-0.001532216681962904
0.00015446289417048777
0.0016919519062363294
-9.04014764719732e-05
-0.00186607728675968
2.4367144625517883e-05
0.0020599382400108557
3.7642187077322515e-05
-0.002267252448809353
-9.409927400589955e-05
0.0024831243268943854
0.00013937360110088473
-0.0027083770179859826
-0.00018094252571912932
0.0029369325817499067
0.00021801907682831242
-0.0031689906373437546
-0.00025106843298073554
0.0034059575937419807
0.0002896943960568281
-0.0036382456234619626
-0.0003260930490017976
0.0038604557889052454
0.0003617463875657356
-0.004070767317696837
-0.00039226790413998355
0.004264963669300916
0.0004223281334134868
-0.004439628459290937
-0.00045108532087379406
0.004600740600910556
0.0004821701887936323
-0.004742791764414788
-0.0005175204008740838
0.00485300814311749
0.000558685248290883
-0.004935070871829295
-0.0006033951272620737
0.0049965413676507815
0.0006517395113629585
-0.005026939863623384
-0.0007039642132219401
0.005026995199546596
0.0007606184555034469
-0.0049944150427646185
-0.0008144810235126163
0.004928522389289273
0.0008688706561879357
-0.004836067942082672
-0.0009256691084503987
0.0047202602762714384
0.0009828183954225971
-0.0045821020910425106
-0.0010377472482318688
0.004415114274450377
0.0010926216541977442
-0.004223744663651277
-0.0011473472967503168
0.004014333161768653
0.001194488294685292
-0.003783814297872569
-0.001233430655204106
0.0035378927263569706
0.0012686319336127933
-0.0032761168833428398
-0.0012865956152499994
0.003010277568554011
0.001289701084498302
-0.0027396774422102804
-0.0012824395223673046
0.00246928458205649
0.001270582388418804
-0.0022130171645018573
-0.001249551458587058
0.0019726331666831253
0.0012205552270869024
-0.001744423937700834
-0.0011797547604254336
0.0015250074605008255
0.001123295791329477
-0.0013144791858837347
-0.001052873111585532
0.0011119765943691407
0.0009616764437082503
-0.0009215484825718605
-0.0008566294310575798
0.0007473449673319846
0.0007350673540959333
-0.0005813888645813422
-0.0005898355219700742
0.0004232645283469933
0.00043098124986699747
-0.0002747783069219253
-0.00026090875733045547
0.00013713100913206918
9.289230705416763e-05
-7.242594316161391e-06
8.135133765841279e-05
-0.00010994306960824152
-0.0002581950600476388
0.00021660015015733178
0.0004316014010425593
-0.0003134952249600034
-0.000595510609550922
0.0004128882438574229
0.0007491496011085065
-0.000508470911494941
-0.0008939951459734386
0.0005958247887600874
0.0010215913923225224
-0.0006742076489698821
-0.0011296199937315577
0.0007521157779725306
0.0012174274676359992
-0.0008317370965796477
-0.0012827993560338632
0.0009094235547027267
0.0013270753902642866
-0.0009768149202479795
-0.0013456291112176931
0.0010399896364398393
0.0013439614298556286
-0.0011030669747125847
-0.0013075172010814863
0.0011612266310933159
0.00125003433435109
-0.0012096218275026841
-0.0011681823402907678
0.00124665240891605
0.0010616093518086487
-0.001283529594048042
-0.0009412622464536522
0.0013068803800337955
0.0008104750094458256
-0.0013251452470761766
-0.0006641661241855335
0.0013291851930054461
0.0005181228146398743
-0.0013121656666139406
-0.0003678077480431158
0.0012740597568944765
0.00021421130957523856
-0.0012312783116578952
-6.101836792852571e-05
0.0011831139728482561
-8.481825153420288e-05
-0.001127083809251062
0.000229522082075035
0.0010617671999645422
-0.0003666106837101389
-0.0009853347255404713
0.000494586196678268
0.0009039965123482483
-0.0006078264091997633
-0.0008167725112313144
0.0006883741114718189
0.0007184141165694141
-0.0007490768887548274
-0.0006115578545139722
0.0007860752542347142
0.0005016638083164625
-0.0007974057060970339
-0.0003833709797167592
0.0007818356216673029
0.00026815556298534184
-0.0007446418538124213
-0.0001525216906691345
0.0006890129235276199
3.8394619383781e-05
-0.0006142671384517623
7.12526752805483e-05
