Sample Rate:	1000.0
Sample Size:	1200.0
Read Time:	1.2
Diffusion (cm^2/sec):	1
Gradient (G/cm):	0.001
f0 (Hz):	250.0
Data Start:
0.0
0.9997900807446678
-0.03547886829061998
-0.9981128515806339
0.07086899128822324
0.9947664001020114
-0.10608181010788494
-0.9897637776685283
0.1410298646589587
0.9831228789731487
-0.1756270041408358
-0.9748663533180468
0.20978864551810167
0.9650214983668384
-0.24343203185043702
-0.9536201380388487
0.2764764845739757
0.940698485588702
-0.30884364760591965
-0.9262969926987327
0.34045772204154506
0.9104601853349618
-0.37124569052643897
-0.8932364870959162
0.40113753053297474
0.8746780307866868
-0.4300664158573368
-0.8548404589654014
0.4579689057173471
0.8337827142293525
-0.4847851208853122
-0.8115668200306109
0.5104589063399667
0.7882576528339159
-0.5349379799700531
-0.763922706452411
0.5581740669104804
0.7386318494179883
-0.5801230191406743
-0.7124570762631331
0.6007449200246371
0.6854722536088677
-0.6200041735230287
-0.6577528619691391
0.6378695778594808
0.6293757341953437
-0.654314383476485
-0.6004187914949343
0.6693163351699887
0.5709607779662356
-0.6828576983471736
-0.5410809945958701
0.6949252694073227
0.5108590336671038
-0.7055103703021703
-0.48037451452544916
0.7146088273889118
0.449706821642997
-0.7222209347459501
-0.41893484591396185
0.7283514021785266
0.38813673010196237
-0.7330092881980741
-0.35738961934346264
0.7362079183150757
0.32676941759244355
-0.7379647890410035
-0.29635055086768175
0.7383014580487663
0.2662057381374051
-0.7372434209942956
-0.23640577064519783
0.7348199755530911
0.20701930044692157
-0.7310640732747892
-0.1781126388904373
0.7260121599061604
0.14974956572934703
-0.719704004877188
-0.12199114951680681
0.7121825206870795
0.0948955798788284
-0.7034935729656085
-0.06851801221582177
0.6936857820208184
0.04291042532836692
-0.6828103167160854
-0.01812149240771539
0.6709206815479599
-0.005803534225445405
-0.6580724978204856
0.028822924310312765
0.6443232798321719
-0.05089855649996555
-0.6297322070078865
0.07199599067936181
0.6143598929198504
-0.09208452560876408
-0.5982681521492352
0.1111372418186983
0.5815197659429742
-0.12913102974537122
-0.5641782476188197
0.14604660315986595
0.5463076086655378
-0.1618684980077291
-0.5279721264748963
0.1765850568376458
0.5092361146267987
-0.19018839905982785
-0.49016369663004933
0.20267437733470564
0.4708185839972462
-0.21404252045022892
-0.45126385950514764
0.22429596310306033
0.43156176645986694
-0.23344136305191407
-0.4117735047512296
0.24148880616292448
0.39195903444147195
-0.24845169991506047
-0.37217688759149564
0.2543466559783162
0.35248398898234673
-0.2591933625193324
-0.3329354863417329
0.26301444692710174
0.31358459063440625
-0.2658353296853485
-0.2944824269228499
0.2676840701487236
0.27567789624933087
-0.268591205006166
-0.2572175489345129
0.2685895802364714
0.23914546962964003
-0.26771417737935455
-0.2215031744010788
0.26600193495821595
0.2043295200662572
-0.2634915659004167
-0.18766062594092914
0.26022337180518285
0.17152980809777177
-0.2562390549100957
-0.15596752617723927
0.2515815286030317
0.1410013427332017
-0.24629472731854118
-0.12665589503828617
0.24042341664569924
0.1129528792174541
-0.23401300445817452
-0.09991104652407813
0.2271093538577276
0.08754621151953283
-0.2197585986986656
-0.07587127186710266
0.21200696243400852
0.06489623940223499
-0.20390058099390437
-0.05462828209588347
0.19548533037365123
0.04507177648434283
-0.18680665957276144
-0.03622837009934524
0.17790942948792815
0.028097053395198395
-0.16883775832203332
-0.020674240636116337
0.15963487402851023
0.01395385917708204
-0.15034297426581014
-0.007927446544595384
0.14100309429076005
0.0025842547008091154
-0.1316549831724162
0.0020886391449297815
0.12233698865993327
-0.006106215828899071
-0.11308595098929249
0.009485392294028405
0.1039371058647469
-0.01224489509144129
-0.09492399680174596
0.014405129999762685
0.08607839696926897
-0.01598804844053169
-0.0774302406211409
0.01701701136609072
0.06900756415824857
-0.017516651290598536
-0.06083645681693182
0.01751273312609558
0.05294102093335036
-0.0170320144734285
-0.04534334168965147
0.01610210600300805
0.038063466205306186
-0.01475133254246938
-0.031119391796465338
0.013008595467864854
0.024527063187564518
-0.010903236972066797
-0.018300378423032424
0.008464906758778928
0.012451203192774481
-0.00572343168325555
-0.006989393253435004
0.0027086888315937963
0.0019228245982175383
0.0005495175004151055
0.0027425689985006115
-0.004021574500242224
-0.007002751459453608
0.007678174808286151
0.010855533324511484
-0.011490425403771157
-0.014300514549666755
0.015429951081747537
0.01733902163784677
-0.019468992232049388
-0.01997403956718912
0.0235804966673351
0.02221013899252612
-0.027738205283889896
-0.02405339920305585
0.03191673137519417
0.025511327323871524
-0.036091633454522896
-0.026592774250942114
0.04023948147852502
0.027307847808592845
-0.04433791639890123
-0.027667823615445352
0.04836570300360899
0.027685054139402112
-0.05230277604240286
-0.02737287641451154
0.05613027966385828
0.02674551888274061
-0.05983060022201827
-0.025818007811800398
0.06338739254054641
0.024606073726423188
-0.06678559975044866
-0.023126058274974798
0.07001146684407762
0.021394821936224228
-0.07305254811310237
-0.01942965295242938
0.07589770866131716
0.017248177855191567
-0.0785371202046165
-0.014868273929383202
0.08096225138999644
0.012307983938563753
-0.08316585288308632
-0.009585433412350216
0.085141937489489
0.006718750772862308
-0.08688575558896222
-0.003725990553149134
0.08839376617337082
0.0006250599362371383
-0.08966360378924895
0.002566351181373008
0.09069404169385276
-0.0058308364224610365
-0.09148495153971212
0.00915133530368826
0.09203725990701826
-0.012511191622023746
-0.09235290200568165
0.015894207747195205
0.0924347728696895
-0.019284694738257224
-0.09228667636551564
0.022667518225407735
0.09191327233384046
-0.026028140021024184
-0.0913200221798566
0.029352655445585144
0.09051313322200194
-0.03262782637536731
-0.08949950210216324
0.03584111003877315
0.08828665755240309
-0.03898068360750018
-0.08688270280402757
0.04203546464684076
0.08529625791457789
-0.04499512750640558
-0.08353640227713874
0.04785011574865214
0.08161261756423888
-0.050591650727166516
-0.07953473134579853
0.05321173644040722
0.07731286160714447
-0.05570316079874906
-0.07495736237897978
0.05805949345398173
0.0724787706767849
-0.06027508035012766
-0.06988775493216175
0.062345035163219376
0.06719506508364002
-0.06426522780494394
-0.06441148447904961
0.0660322701713933
0.06154778372625487
-0.06764349932307537
-0.05861467661367028
0.06909695828629114
0.05562277820662448
-0.07039137466856041
-0.052582565210636034
0.07152613728255393
0.04950433867765029
-0.07250127097346798
-0.04639818911679986
0.07331740984442103
0.04327396405692951
-0.07397576907299204
-0.040141238094477394
0.07447811550981946
0.0370092854468488
-0.07482673724698455
-0.03388705501871625
0.07502441234004141
0.030783147976425517
-0.07507437686282283
-0.027705797814139954
0.0749802924689019
0.02466285288419697
-0.0747462136276161
-0.02166176135414299
0.07437655469605983
0.018709558542996378
-0.07387605698150947
-0.015812856580538607
0.07324975594130073
0.012977836325181987
-0.07250294865945435
-0.010210241468483915
0.07164116173119586
0.007515374747633696
-0.07067011967824961
-0.004898096181195108
0.06959571400921738
0.0023628232381534974
-0.0684239730307027
8.64671545034143e-05
0.06716103250607573
-0.0024462348638868573
-0.06581310724999469
0.00471337116497831
0.06438646373800701
-0.006885191820147615
-0.06288739380183743
0.008959428730623182
0.06132218947233822
-0.010934220267337187
-0.05969711902359326
0.01280810038921002
0.058018404263357255
-0.014579986657200223
-0.05629219910690425
0.016249167251777826
0.05452456946350582
-0.017815287100792433
-0.052721474457170826
0.019278333223155097
0.05088874899594814
-0.020638619391950556
-0.04903208769717703
0.021896770218332338
0.04715703016935327
-0.023053704754925217
-0.04526894764502692
0.024110619714441194
0.04337303095320342
-0.025068972396051655
-0.041474279814167445
0.025930463408305165
0.03957749343447533
-0.026697019273779297
-0.03768726237508047
0.02737077499652675
0.03580796166118639
-0.027954056669243065
-0.03394374509836033
0.028449364192747625
0.03209854075594355
-0.028859354175927217
-0.030276047575474547
0.02918682307978485
0.028479733059063306
-0.02943469066461645
-0.026712831990185863
0.029605983794811674
0.024978346137271023
-0.029703820651033934
-0.023279044888724284
0.029731395395064503
0.02161746676663863
-0.029691963327962676
-0.01999592176540783
0.02958882657773321
0.01841649446065218
-0.029425320348271656
-0.01688104783354916
0.029204799757055654
0.015391227755398302
-0.028930627284835822
-0.01394846807745157
0.028606160856555523
0.012553996271373056
-0.028234742568749544
-0.011208839566408195
0.027819688074937378
0.009913831530004887
-0.027364276636936396
-0.008669619039901743
0.026871741846549297
0.0074766695967542285
-0.02634526301885811
-0.00633527892786114
0.025787957255275138
0.005245578834084645
-0.025202872171644103
-0.0042075452337526405
0.024592979283970872
0.0032210063591396453
-0.0239611680419039
-0.002285651063032685
0.023310240497771844
0.0014010371949053453
-0.022642906596892925
-0.0005666000082368542
0.021961780072965335
-0.00021833943726823753
-0.02126937493063135
0.0009545659127292549
0.020568102495780324
-0.001642961728322941
-0.01986026901281636
0.002284498542422367
0.019148073766948756
-0.0028802292991427975
-0.018433607708575946
0.003431280319585437
0.017718852556009745
-0.003938843569864161
-0.01700568035212789
0.004404169126878036
0.016295853450035154
-0.0048285578605893375
-0.015591024902455753
0.005213354349554952
0.014892739229359938
-0.005559940044384891
-0.014202433538244345
0.005869726691838074
0.01352143897151159
-0.006144150030358371
-0.012850982455567334
0.0063846637660123174
0.01219218872649395
-0.0065927338360264025
-0.011546082607531878
0.006769832965428067
0.010913591514048068
-0.006917435520715846
-0.010295548162207577
0.00703701266291754
0.009692693458170847
-0.007130027801007718
-0.009105679545322508
0.0071979323452798045
0.008535072987769185
-0.007242161759026189
-0.00798135806913757
0.007264131905681169
0.007444940186535597
-0.007265235687554998
-0.006926149320413528
0.007246839971225919
0.0064252435619637895
-0.007210282793803002
-0.005942412680627265
0.007156870843427683
0.00547778171522416
-0.00708787720664871
-0.005031414573172542
0.007004539374651637
0.004603317623250237
-0.006908057499746654
-0.004193443268298204
0.0067995928930196965
0.003801693485246088
-0.006680266753624229
-0.003427923320793918
0.006551159119847225
0.0030719443320335786
-0.006413308031779109
-0.0027335279622253297
0.006267708895214927
0.0024124088428598596
-0.006115314036242966
-0.0021082880140326403
0.005957032435879153
0.0018208360560126528
-0.005793729634058325
-0.0015496961257527955
0.00562622779229679
0.0012944868928780472
-0.005455305904391737
-0.0010548053704837372
0.0052817001446187626
0.0008302296368213089
-0.005106104343025253
-0.0006203214446651216
0.004929170577586551
0.0004246287158344305
-0.004751509873202702
-0.000242687918994017
0.004573692997746294
7.402632945489518e-05
-0.00439625134563791
8.183582971178584e-05
0.004219677899710874
-0.0002253833654165254
-0.004044428262437299
0.0003571042108076629
0.0038709217479123248
-0.000477487639239966
-0.003699542526334991
0.0005870225947260148
0.0035306408130783644
-0.0006861961372484105
-0.0033645340948049206
0.000775492000953279
0.003201508385454425
-0.0008553892629196877
-0.003041819505308051
0.0009263611199160667
0.002885694376712207
-0.0009888737702829118
-0.0027333323304260314
0.0010433853978663165
0.002584906416936544
-0.0010903452547200234
-0.00244056471746371
0.0011301928391269733
0.0023004316497488198
-0.0011633571653474775
-0.002164609264091685
0.0011902561213847766
0.0020331785254596208
-0.0012112959109659436
-0.0019062005778466829
0.0012268705758656034
0.001783717987405585
-0.0012373615946567702
-0.0016657559612091467
0.0012431375539382625
0.0015523235388220022
-0.0012445538880876694
-0.0014434147541763855
0.0012419526835936705
0.0013390097655435786
-0.0012356625440487349
-0.0012390759516852294
0.0012259985119237977
0.001143568972539277
-0.0012132620433007416
-0.0010524337930576848
0.0011977410318059517
0.0009656056690680177
-0.0011797098780638826
-0.000883011094252587
0.0011594296010815366
0.0008045687075756354
-0.0011371479880672671
-0.0007301901606855181
0.0011130997792944573
0.0006597809450184741
-0.0010875068847302904
-0.0005932411785100838
0.0010605786292684205
0.0005304663519885323
-0.0010325120235230487
-0.00047134803547864765
0.001003492057269983
0.0004157745447887577
-0.0009736920127467297
-0.00036363156887990754
0.0009432737951546615
0.00031480275863912324
-0.0009123882778379191
-0.000269170277780718
0.0008811756597461234
0.0002266153166974133
-0.0008497658329202671
-0.00018701857016673826
0.0008182787578736196
0.00015026067989259943
-0.0007868248448693429
-0.00011622264292626096
0.0007555053392265229
8.478618706611321e-05
-0.0007244127089130563
-5.5834114382312555e-05
0.000693631032808536
2.925061404848585e-05
-0.0006632363881420161
-4.921545695589234e-06
0.0006332972357284311
-1.726530547743883e-05
-0.00060387480174231
3.742000058421215e-05
0.0005750234548793284
-5.565024466210838e-05
-0.0005467910778635658
7.206120875035e-05
0.0005192194323621826
-8.675537517361992e-05
-0.000492344516468464
9.983240477738804e-05
0.0004661969140093099
-0.00011138902487282484
-0.00044080213502395985
0.0001215189366668006
0.00041618094684700514
-0.0001303127409705666
-0.00039234969531049755
0.00013785788100638665
0.0003693206156573705
-0.00014423860115676248
-0.0003471021328310684
0.000149535920530674
0.00032569915087504736
-0.00015382762025283633
-0.00030511333123959796
0.00015718824341569748
0.00028534335985337683
-0.00015968910666904254
-0.00026638520287263466
0.00016139832245958398
0.0002482323510725104
-0.00016238083096957768
-0.0002308760528923162
0.00016269844084379592
0.00021430553619035563
-0.00016240987783207423
-0.00019850821880318796
0.00016157084051611581
0.0001834699080415493
-0.00016023406232802974
-0.00016917498928604904
0.00015844937910813528
0.00015560660387725858
-0.00015626380149095826
-0.00014274681651891768
0.0001537215914455365
0.0001305767724373689
-0.00015086434233776196
-0.00011907684456050158
0.00014773106191861145
0.00010822677099568445
-0.0001443582576820733
-9.800578310299e-05
0.00014078002407152807
8.839272447023062e-05
-0.00013702813105106627
-7.936616110859333e-05
0.0001331321135921383
7.0904483193495e-05
-0.00012911936166017714
-6.298599868326679e-05
0.00012501521031919502
5.558901915059312e-05
-0.00012084302960307608
-4.869193816508012e-05
0.00011662431383377976
4.227330256607531e-05
-0.00011237877009493166
-3.6311876963190554e-05
0.00010812440559809917
3.0786701801502626e-05
-0.00010387761370495743
-2.567714532348504e-05
9.965325839459671e-05
2.096294975706863e-05
-9.546475698890345e-05
-1.6624272052300428e-05
9.132416097191384e-05
1.264171948441148e-05
-8.72422347607298e-05
-8.996380432827191e-06
8.322853230563902e-05
5.669850638852969e-06
-7.9291471416426e-05
-2.644255236340282e-06
7.543840572950362e-05
-9.773315936735536e-08
-7.167569424732404e-05
2.5728800276657883e-06
6.800876839698564e-05
-4.797377917443249e-06
-6.444219656937432e-05
6.786838563190552e-06
6.0979746113500715e-05
-8.556287895251378e-06
-5.762444277296893e-05
1.0120163707632058e-05
5.43786275627638e-05
-1.1492315756216446e-05
-5.12440110948206e-05
1.2686008071385098e-05
4.822172537025826e-05
-1.3713923278440405e-05
-4.5312373064502124e-05
1.458816873027131e-05
4.251607433930975e-05
-1.5320284266048508e-05
-3.9832511222318005e-05
1.592125142039494e-05
3.726096960100314e-05
-1.6401503916900264e-05
-3.480037888302418e-05
1.6770939289558253e-05
3.244934937979092e-05
-1.7038931485439527e-05
-3.0206207473894556e-05
1.721434431065145e-05
2.8069028634533914e-05
-1.7305545591109466e-05
-2.603566834792719e-05
1.7320421927857616e-05
2.4103791031836794e-05
-1.7266393935501502e-05
-2.227089700537818e-05
1.715043186017683e-05
2.0534347586384534e-05
-1.6979071481338682e-05
-1.8891388389787548e-05
1.675843020934385e-05
1.73391709007758e-05
-1.6494223297714346e-05
-1.587477239693266e-05
1.6191780096171984e-05
1.4495214293214429e-05
-1.5856060276811556e-05
-1.3197478983343032e-05
1.5491669972308732e-05
1.1978525250502144e-05
-1.5102877770761253e-05
-1.0835302319175027e-05
1.4693630517595876e-05
9.764762619030244e-06
-1.4267568880175496e-05
-8.763873330210079e-06
1.382804263578348e-05
7.829626778111074e-06
-1.3378125648473257e-05
-6.959049743895052e-06
1.2920630504578147e-05
6.149211755412605e-06
-1.24581227809752e-05
-5.3972324211816195e-06
1.199293492395195e-05
4.700287868215344e-06
-1.1527179720260309e-05
-4.0556163424731864e-06
1.1062763345202496e-05
3.460523028517725e-06
-1.0601397975791081e-05
-2.91238414300242e-06
1.014461395985184e-05
2.4086503542862874e-06
-9.693771534597664e-06
-1.9468495784652225e-06
9.2500720906536e-06
1.5245891997922452e-06
-8.814568979699279e-06
-1.1395577613717376e-06
8.388177865950867e-06
7.89526169844364e-07
-7.971686623509225e-06
-4.723484555665878e-07
7.5657647832776975e-06
1.8596212778724025e-07
-7.170972534618655e-06
7.161183787774817e-08
6.787769288252873e-06
-3.022693442958423e-07
-6.416521808070543e-06
5.078238167231263e-07
6.057511920557005e-06
-6.900071143356252e-07
-5.7109438114293e-06
8.504706799439068e-07
5.3769509198562765e-06
-9.907869002261305e-07
-5.055602441285058e-06
1.1124506506032046e-06
4.7469094504522135e-06
-1.2168810006384742e-06
-4.450830656596462e-06
1.3054230574335332e-06
4.16727780325599e-06
-1.3793499261578282e-06
-3.896120725291658e-06
1.4398647683080719e-06
3.6371920759757517e-06
-1.4881029398240008e-06
-3.3902917371069523e-06
1.5251341925231536e-06
3.1551909251541887e-06
-1.5519649237058197e-06
-2.931636006444067e-06
1.569540460016714e-06
2.719352034325954e-06
-1.5787473628609633e-06
-2.518046021161801e-06
1.5804157438391377e-06
2.327409957816779e-06
-1.5753215797095828e-06
-2.147123593148026e-06
1.5641890174486078e-06
1.976856985765847e-06
-1.5476926609072206e-06
-1.8162728400710502e-06
1.526459831489963e-06
1.6650286383197849e-06
-1.5010727961280014e-06
-1.5227785801326876e-06
1.47207095659993e-06
1.3891753405682385e-06
-1.4399529950201124e-06
-1.2638716575364438e-06
1.4051789709823808e-06
1.1465217589695254e-06
-1.3681723665129898e-06
-1.0367826398257724e-06
1.3293220755697362e-06
9.343151986150076e-07
-1.2889843353808248e-06
-8.387852427827508e-07
1.2474845974339702e-06
7.498643718955268e-07
-1.2051193363835911e-06
-6.672307472125798e-07
1.1621577955881813e-06
5.905697558374214e-07
-1.1188436683709439e-06
-5.195745772800515e-07
1.0753967144675902e-06
4.5394665989003434e-07
-1.0320143114405153e-06
-3.933961142473679e-07
9.888729411418382e-07
3.3764203025325174e-07
-9.461296115673778e-07
-2.864127242953388e-07
9.039232146822908e-07
2.394459225330792e-07
-8.623758210133121e-07
-1.9648888599827813e-07
8.215939119846965e-07
1.5729848289322333e-07
-7.816695511443724e-07
-1.216412131396984e-07
7.426814955653632e-07
8.929318993240852e-08
-7.046962488346293e-07
-6.004008275328124e-08
6.677690571433406e-07
3.367702601075525e-08
-6.319448500829721e-07
-1.0008497202616126e-08
5.972591278224947e-07
-1.1151831773887315e-08
-5.637387964004262e-07
2.998126678454048e-08
5.314029529102026e-07
-4.664828396391044e-08
-5.00263622389824e-07
6.131273966124878e-08
4.7032644824809583e-07
-7.412609514457296e-08
-4.4159133807181924e-07
8.523165359485597e-08
4.1405306665984077e-07
-9.476480711512159e-08
-3.8770183812525167e-07
1.028532916751588e-07
3.6252380889278193e-07
-1.0961744808466784e-07
-3.385015733995267e-07
1.1517048726285834e-07
3.15614614281821e-07
-1.1961875822585596e-07
-2.938397187996118e-07
1.2306201736814818e-07
2.731513632161399e-07
-1.2559369775186776e-07
-2.5352206681022914e-07
1.273011772501797e-07
2.349227171581665e-07
-1.2826604451663022e-07
-2.1732286827531969e-07
1.2856436186423436e-07
2.0069101316236362e-07
-1.2826692424934057e-07
-1.849948322502357e-07
1.2743951365180616e-07
1.7020141918845645e-07
-1.2614314823915809e-07
-1.5627748536980694e-07
1.2443432578540071e-07
1.431895445310382e-07
-1.223652608971348e-07
-1.3090407871809633e-07
1.1998411567128903e-07
1.193876868494776e-07
-1.173352234763648e-07
-1.0860721706038473e-07
1.1445930561181739e-07
9.852988395607302e-08
-1.1139368065503075e-07
-8.912337185175123e-08
1.0817246635852706e-07
8.035592502494885e-08
-1.04826774005137e-07
-7.219642595484592e-08
1.0138489517269369e-07
6.461446247486975e-08
-9.787248089657568e-08
-5.758038471485158e-08
9.431271325376114e-08
5.106535266326315e-08
-9.072646942196191e-08
-4.5041375132568164e-08
8.713247829467629e-08
3.948134086748623e-08
-8.354746975737239e-08
-3.4359042491470834e-08
7.998631675040349e-08
2.964919394569763e-08
-7.646217026321776e-08
-2.5327442034492112e-08
7.298658741954291e-08
2.1370372651686194e-08
-6.956965282718055e-08
-1.7755512226155054e-08
6.622009337678522e-08
1.4461324887949427e-08
-6.294538668369372e-08
-1.1467205823201856e-08
5.97518633739067e-08
8.75347125269283e-09
-5.664480342137565e-08
-6.301345437856468e-09
5.362852674783517e-08
4.092945088804294e-09
-5.0706478299326704e-08
-2.1112615199622613e-09
4.788130781517422e-08
3.401408729886258e-10
-4.515494450568789e-08
1.2357372995312447e-09
4.2528666854313946e-08
-2.630882819349498e-09
-4.0003167758580587e-08
3.859018789811067e-09
3.757861522194861e-08
-4.933106399081028e-09
-3.525470880575204e-08
5.865370413467142e-09
3.3030732046905476e-08
-6.667325174139282e-09
-3.0905601042940085e-08
7.349800927784829e-09
2.8877909401414353e-08
-7.922970338840608e-09
-2.6945969745822587e-08
8.396375045954856e-09
2.510785196480516e-08
-8.778952140266127e-09
-2.3361418386023054e-08
9.079060456134408e-09
2.170435605018501e-08
-9.304506577853036e-09
-2.0134206254918254e-08
9.462570477266022e-09
1.864839153200045e-08
-9.560030708016615e-09
-1.7244240215452775e-08
9.603189092232816e-09
1.591900875170864e-08
-9.59789484445262e-09
-1.4669901896938858e-08
9.549568086171003e-09
1.3494090940431681e-08
-9.463222712016625e-09
-1.2388730086711545e-08
9.343488575813465e-09
1.1350971123112676e-08
-9.194632971063848e-09
-1.0377976493399892e-08
9.020581386484121e-09
9.466930892266653e-09
-8.824937522386046e-09
-8.615051489631115e-09
8.611002558694395e-09
7.819596888137613e-09
-8.381793669647197e-09
-7.077874911651591e-09
8.140061784158855e-09
6.387249317262247e-09
-7.888308594377498e-09
-5.7451455181095425e-09
7.62880281799778e-09
5.14905539926777e-09
-7.363595722675655e-09
-4.596541304169491e-09
7.0945359233412925e-09
4.0852392642590585e-09
-6.823283465225218e-09
-3.612861540180157e-09
6.551323207325176e-09
3.1771985383717254e-09
-6.279977522518946e-09
-2.7761201629050943e-09
6.010418331904929e-09
2.407576658343758e-09
-5.743678492005996e-09
-2.069598995674663e-09
5.480662554369418e-09
1.7602988497457907e-09
-5.222156917822052e-09
-1.4778682131574206e-09
4.96883939414307e-09
1.220578688361751e-09
-4.721288208333363e-09
-9.867804965399109e-10
4.479990454880758e-09
7.749012389624994e-10
-4.245350031565243e-09
-5.834444436911098e-10
4.017695072341225e-09
4.1098792789137985e-10
-3.797284900761151e-09
-2.561820035430508e-10
3.584316525219687e-09
1.1774755196670496e-10
-3.378930697048805e-09
5.5260095592448415e-12
3.1812175521730162e-09
-1.1478284793557981e-10
-2.9912218566517192e-09
2.111029018574443e-10
2.8089478760061528e-09
-2.9550411949209096e-10
-2.634363887752728e-09
3.6894473044776775e-10
2.467406356052439e-09
-4.3232553788065716e-10
-2.307983786846526e-09
4.864922180308407e-10
2.1559802812793124e-09
-5.322376158477163e-10
-2.01125880462572e-09
5.703040266521903e-10
1.8736641873421005e-09
-6.013854549281816e-10
-1.7430258742441243e-09
6.261298424549161e-10
1.6191604372070163e-09
-6.451412589637193e-10
-1.501873866155346e-09
6.589820494556794e-10
1.3909636525004171e-09
-6.681749331391725e-10
-1.286220678559496e-09
6.73205049746932e-10
1.187430925887078e-09
-6.745219496910529e-10
-1.0943770148462887e-09
6.725415251658253e-10
1.006839587151384e-09
-6.676478799094e-10
-9.245985425405432e-10
6.601951358565635e-10
8.474341401602317e-10
-6.505091754171005e-10
-7.75127974699233e-10
6.388893185362425e-10
7.074638367615282e-10
-6.256099341012795e-10
-6.442284664543944e-10
6.109219855970653e-10
5.852122086531114e-10
-5.95054511237339e-10
-5.30209577920195e-10
5.782160390691172e-10
4.790197405849564e-10
-5.605959377931183e-10
-4.3144692103020783e-10
5.423657042610621e-10
3.873007388048609e-10
-5.236801887895547e-10
-3.463964827538608e-10
5.046787595972186e-10
3.0855532796515627e-10
-4.854864078011234e-10
-2.736045009423705e-10
4.662147945286937e-10
2.413773980542217e-10
-4.4696324179041107e-10
-2.117136619574144e-10
4.278196688390868e-10
1.8445922036250667e-10
-4.0886147579842133e-10
-1.5946629119790602e-10
3.901563763890866e-10
1.3659335792549386e-10
-3.717631816130983e-10
-1.1570511848459264e-10
3.537325362742824e-10
9.667241106802476e-11
-3.3610761022317477e-10
-7.937211968797822e-11
3.189247462115503e-10
6.368706224607058e-11
-3.022140662330898e-10
-4.9505863603694385e-11
2.8600003820842163e-10
3.672281593390372e-11
-2.703020048486072e-10
-2.523772844165393e-11
2.55134676501476e-10
1.4955768353844895e-11
-2.405085897494899e-10
-5.787294905480384e-12
2.26430533488987e-10
-2.3523121101565013e-12
-2.1290394417718264e-10
9.542827813994948e-12
1.9992927188747094e-10
-1.585936046010875e-11
-1.8750431876482225e-10
2.1372531258986912e-11
1.7562455142273216e-10
-2.6148654781333982e-11
-1.6428338877085607e-10
3.0249919033868584e-11
1.5347246670945531e-10
-3.373456440103088e-11
-1.4318188107293278e-10
3.665706074299003e-11
1.3340041015014578e-10
-3.906828203022412e-11
-1.241157180551406e-10
4.101567797465499e-11
1.153145401673488e-10
-4.254344219439459e-11
-1.0698285180681926e-10
4.3692676515880404e-11
9.910602125634658e-11
-4.450155108168625e-11
-9.166894819048078e-11
4.500545998849685e-11
8.465618851935307e-11
-4.523717223203376e-11
-7.805206660515769e-11
4.522697778370814e-11
7.184077575995678e-11
-4.500282866535928e-11
-6.600646788513067e-11
4.4590474928293626e-11
6.053333306685422e-11
-4.401359547629314e-11
-5.540566989619212e-11
4.3293923704369026e-11
5.0607947239416634e-11
-4.2451367951698753e-11
-4.6124858141482656e-11
4.150412679254444e-11
4.194136650537873e-11
-4.046879921005379e-11
-3.8042747151086886e-11
3.936048971691379e-11
3.441461982012355e-11
-3.819290850366889e-11
