Spins Simulated:	2000
Sample Rate:	1000.0
Sample Size:	1200
Read Time:	1.2
Diffusion (cm^2/sec):	1.0
Gradient (G/cm):	0.001
f0 (Hz):	250
Data Start:
0.0
0.9997908630065848
-0.0351143962543822
-0.9981176731611826
0.07015483551437558
0.9947813387680129
-0.10510801873845739
-0.9897899157176945
0.13983468410804697
0.9831565589106267
-0.1742047086457368
-0.9749059113735695
0.2081342521846574
0.965068805027799
-0.24151193641077018
-0.9536856712759142
0.2742336062526572
0.9407940864602959
-0.30615936271946265
-0.9264535013016258
0.3373302308369863
0.9106888772940254
-0.36769936934369435
-0.8935748019472765
0.39713939884669885
0.8751299985133929
-0.4256594420058031
-0.8553786979145396
0.4531936676903283
0.8344513217348098
-0.47955634928782853
-0.8123918879697593
0.5048308163497844
0.7892601407867503
-0.5288577317194647
-0.7651475795972115
0.5516349261120788
0.7401018614870909
-0.573085814317403
-0.7142248959539695
0.5932114643164076
0.6875677688647195
-0.6119517828229092
-0.6602502409524927
0.6293292665597916
0.6322878068364683
-0.645273062096065
-0.6037982909426848
0.6597547839987128
0.5748459945902862
-0.6727237551570464
-0.5455648180716571
0.6842089717958566
0.5159517636207077
-0.6942281475164809
-0.48614357167166405
0.7027721112233352
0.45617724105349833
-0.709869680927242
-0.4260743031226151
0.7155491413294052
0.39602248006658547
-0.7197395226148087
-0.3660725582047302
0.7224999538447773
0.33628704313923596
-0.7238485827348626
-0.306750110265761
0.7237931930290303
0.27751156321872383
-0.7223731532644717
-0.24858341278866883
0.7196154628459529
0.22013964238191583
-0.715529381183773
-0.19223477380366905
0.7101769815269364
0.16491509530702814
-0.7036531189790208
-0.1382525037924349
0.6960245566233642
0.11219587270657103
-0.6872702380458132
-0.08687740512194711
0.6774152552419562
0.06240074587664699
-0.6664932006335451
-0.038756493211217026
0.6546098822223554
0.015958260597217087
-0.6417897929006516
0.005948406558008618
0.6281061727388922
-0.026942828248202676
-0.6136542100259726
0.04690727970023058
0.5984966170569334
-0.06590124738952695
-0.5826786843840507
0.08382488417189016
0.5662334717986881
-0.10068103361072964
-0.5491832753608437
0.11645061964903307
0.531587852444674
-0.13113728434126123
-0.5135840166669837
0.14470810233168002
0.4952034437110979
-0.15716151789528499
-0.47653785404176785
0.16841457770666576
0.45763325401216676
-0.17854162876889756
-0.43849050642287035
0.18756634157614066
0.41919267126214693
-0.19551800778615916
-0.39985675677237864
0.20234087753718058
0.38053031647751695
-0.20801717040364665
-0.36129111434468547
0.21260663132006935
0.34219958287973035
-0.21616132898980028
-0.32332037242667727
0.21870430369647495
0.30463607049702657
-0.22019813565752777
-0.2862113813654197
0.22070140605539126
0.2681195731368284
-0.22020664223336142
-0.25042368640690194
0.21876656925561283
0.23312117353894757
-0.21642328981069214
-0.216302053944176
0.21320261905675172
0.1999528332751428
-0.20915295113584376
-0.1842097395822777
0.20431178453357257
0.16910219797133058
-0.19875952741631003
-0.15463890268942673
0.1925137938552781
0.1408263812865521
-0.18561969358838898
-0.12762211073036434
0.17802938868665868
0.11515755931325293
-0.16983907606076612
-0.10343497591228924
0.16110527185573215
0.09247848660930548
-0.15189181997447262
-0.08234202424103572
0.14229234307673966
0.07297515604326876
-0.13232451262274128
-0.06440955872990109
0.12200146494041608
0.05667147227211598
-0.11141207271597282
-0.049836780466450556
0.10057270475923863
0.04387379326577823
-0.08955682360804605
-0.03871239664292609
0.0785525124451556
0.034375509772650595
-0.06752396585514114
-0.03089625302020838
0.05645772957941417
0.02822468764089194
-0.045434124373684756
-0.026345439068652478
0.0344814234176112
0.025210884693354703
-0.023703553742613678
-0.02477680460369557
0.013072581459066979
0.025086682772798397
-0.002687142478439091
-0.02617120056172632
-0.007450274943370896
0.027945812933171856
0.017282125684067052
-0.030410368666639962
-0.026700018256528076
0.033539937769878916
0.03570459474476572
-0.037311146348455185
-0.04429486273685741
0.0417408893778281
0.052437410046217506
-0.046748573940799856
-0.06015121533872772
0.05223513364745892
0.0673971614722604
-0.05817063505091967
-0.07405177679127022
0.06448219209984028
0.08020637221421677
-0.07118090208866501
-0.08580651619101647
0.07822738376431758
0.09076423164320933
-0.08561333059403159
-0.09506979546887494
0.09334421103989171
0.09873544856427274
-0.10135877562505727
-0.10180418257322964
0.10955247792297586
0.10421578239896404
-0.11790087154107397
-0.10599611007834264
0.12638668028745242
0.10719431221072018
-0.1349320176838077
-0.10777880898168356
0.14350635482405555
0.1077837644500335
-0.15202219916860288
-0.10716692964927985
0.16052501628054566
0.10596740306697369
-0.16894788068917888
-0.10419630153632282
0.1772249867441889
0.10189380820923358
-0.1853529700828297
-0.09908023902573881
0.1933265221676647
0.09572871396726106
-0.2011593563150727
-0.09186799473565886
0.20877766447029295
0.08746220787373733
-0.21614079762773228
-0.08252944605511355
0.22320249763260586
0.07707755372340672
-0.22993255422213466
-0.07118499887113347
0.23627238690755645
0.0648906971172665
-0.2422728900702384
-0.058227660983577116
0.2479099831557683
0.051123540591589335
-0.2531691988053786
-0.04364670413345688
0.25801405854513976
0.03584411615213637
-0.2624442436516199
-0.027718161160100986
0.2664563694791459
0.01933307735751483
-0.2700434798292635
-0.010725389328103985
0.27319608391372435
0.001865691307707328
-0.2758607400549471
0.00714724957070037
0.2779711143733308
-0.016297950571098337
-0.27960281475719734
0.025584137490772402
0.2807656381873688
-0.034934086472997235
-0.2814301051496841
0.04436219575527276
0.28152801319666515
-0.053787009200448085
-0.28111268264808625
0.06321737417960001
0.28016010879165104
-0.07261274691241648
-0.2786859758906196
0.08192291257197026
0.27669951500860857
-0.09118898593684911
-0.27424045286082777
0.10039087047169332
0.27129973034030436
-0.10949496637791209
-0.26791332844306837
0.1184809084914688
0.26403736118908305
-0.12724879250768362
-0.2596788837811702
0.13579183036138776
0.254909813503768
-0.14407984964104717
-0.2497843955657657
0.15211449808559926
0.24424484392144521
-0.15989661057829357
-0.2383393561836845
0.16737147593997023
0.23202968019289902
-0.17454791455267832
-0.22536855872767844
0.18139701853674842
0.21836085585269696
-0.18789098672099347
-0.2110818826329252
0.1940468248878245
0.20349356033778415
-0.19981487907689197
-0.19565057174879755
0.20518810195947249
0.1875830024755601
-0.21015583027748566
-0.17925485254739215
0.2147636843585659
0.1707729728963451
-0.21893014245836087
-0.1620888932319973
0.2226650162437425
0.15324406658480408
-0.22594365404411812
-0.1443162079149692
0.2288715448535333
0.1353173924883203
-0.23135611879596335
-0.1262832839169352
0.23339243660523362
0.11723580889858043
-0.23504768545124674
-0.10815677269225364
0.23632251243084915
0.09908771653231536
-0.2371888521562696
-0.0900618619993533
0.23767485236371297
0.0811114017733631
-0.2378182780457539
-0.07218711967692759
0.23754829918241507
0.0633501384322928
-0.2368880127397458
-0.05455971748728561
0.23578905061017938
0.045897824185313775
-0.23429518802860747
-0.037392849065794896
0.232426150097
0.029032979101674933
-0.23024421889341684
-0.020840298455598767
0.22774463371045894
0.012809379248455563
-0.22485661584282043
-0.004998917836536646
0.22161246937089582
-0.002572946159079359
-0.21805333271543131
0.009927145351676592
0.21414788993725584
-0.016998233248170902
-0.21005341439008413
0.023736129048850103
0.20571870008988738
-0.030172649071708964
-0.2011228640278723
0.036358519519369414
0.1962710894370831
-0.04229035828909916
-0.1911802343874089
0.047918802688513965
0.18588229544750343
-0.0532387697357854
-0.18033554514625377
0.05826805774567138
0.1745954902630592
-0.06297113270242492
-0.16866330202933058
0.06735917941203405
0.16261421728399272
-0.0714068144319714
-0.1564295933589899
0.07511002196573614
0.15015841107910652
-0.07846443245925473
-0.14380262688463274
0.08141611967817805
0.1373823689069082
-0.08401721796991321
-0.1309337003449801
0.08624446502579476
0.12447606062883718
-0.08810322349596987
-0.11798912250604482
0.08955439491721626
0.11150880802315133
-0.0906813531712808
-0.10505330363978084
0.09144817065840681
0.09864341816716136
-0.09189462531253881
-0.09228089906672104
0.09202587155878546
0.08597343784962584
-0.091819631281146
-0.07980006179760742
0.09128794236012966
0.07376173440215684
-0.09040511633070439
-0.06783950635757585
0.08923499402617374
0.06208707885824676
-0.08773177355277499
-0.05651718211523549
0.08588503999880157
0.05115093739350518
-0.0837791864076894
-0.04603997493486143
0.08150464956832155
0.041115740682654944
-0.07901248040585673
-0.036423098243353956
0.0762437646245787
0.031933631391330985
-0.07330502983657879
-0.02767396563800985
0.07019696694468727
0.023677873647793325
-0.06695968364340735
-0.019871306740949606
0.06356204793272367
0.016342107936277307
-0.060023625645766514
-0.013104767135003038
0.05629807698492391
0.010158345852526287
-0.05247027938657609
-0.007446110436292755
0.04863765599333868
0.005000906209281134
-0.04470545848570688
-0.0028316883925413824
0.04069393529200052
0.0009572744830465096
-0.03661198191214312
0.0005937993840933959
0.03247666054973482
-0.001880203645190258
-0.02828441999396499
0.00286605160575533
0.024036697727413153
-0.0035794015800428318
-0.01984292757014794
0.004015023003864324
0.015695502059751242
-0.00416209082975918
-0.011544506546102425
0.00399181389250414
0.007470701995001709
-0.0035717816671790603
-0.0034779296332509493
0.002945774841590249
-0.0003829483258588706
-0.002090516286275725
0.004166137208548947
0.0009701024702368433
-0.007823514520482812
0.00038952451083920767
0.01132887327925467
-0.001977044524297373
-0.014717136131886797
0.0037354678671428854
0.017956975935621164
-0.005667768926857149
-0.02102688747436718
0.007770762263768489
0.02390232374699175
-0.010001362490475023
-0.02657608339357567
0.012370562936672021
0.029026144371032795
-0.014854814835420904
-0.031226431758300435
0.017448714116607915
0.033154199811593635
-0.020183414541759145
-0.034863668843840685
0.023041123851713224
0.03634243993884296
-0.02600088767052723
-0.037609855852080265
0.029095802224860214
0.03864213142958574
-0.03224025588844584
-0.03944787322063076
0.035448104890191005
0.03993376624339055
-0.03860621664295885
-0.040187250195578755
0.04172195657866887
0.04023114717607253
-0.044823868903148975
-0.04004930716655822
0.047905710142715635
0.039687128099758426
-0.050961493925647014
-0.039027835840903836
0.05399638293907402
0.03813171450298999
-0.05701665904519569
-0.037013221351251534
0.059991776266395895
0.035683563954445496
-0.06284925978885728
-0.03413181178886996
0.06558590353687362
0.03245801912979565
-0.06819392061439715
-0.030599730417505334
0.0706963082182408
0.028689063401595143
-0.07306775891947677
-0.026593067319737804
0.07531753384176547
0.024316750250187653
-0.07754262209319933
-0.02192476783768995
0.0796677822091319
0.019379037268779025
-0.08173488158657033
-0.016683593544446016
0.0836827204780808
0.01382475130357293
-0.0854765194145596
-0.010856187938614077
0.08715525492968651
0.007815625462232027
-0.08863402979336488
-0.004649448244022006
0.08989678729904049
0.0013933905026067258
-0.09099084369360406
0.0019664677257707638
0.09188996605780649
-0.005355042940138972
-0.09263715679830295
0.008778000032425369
0.09317299625272282
-0.012295604426672728
-0.09352475189082775
0.01588127520311161
0.09372434140956426
-0.01947668651677306
-0.09379277497157514
0.023081148543590807
0.09365109545252946
-0.026627099998581982
-0.0932908920126402
0.030214620974223907
0.0927199642991009
-0.03381813805847125
-0.09196007087546425
0.037394371192721806
0.09096573288616651
-0.040916772293880375
-0.08977923239754797
0.044374984303206744
0.08845338283608349
-0.047767998945685286
-0.08687088789181675
0.05108019428133299
0.08515011636861361
-0.054329661841112
-0.08328324492882787
0.05746568805676886
0.08124506669439989
-0.060504287004519486
-0.07904979088515415
0.06336265953801867
0.07670732820490574
-0.06612116394322734
-0.07414425138529712
0.06875354057191735
0.0715042999461124
-0.07123809045046356
-0.06879310704141943
0.07356162688462568
0.06596642392898028
-0.07566606704385012
-0.06303862619376562
0.07764784223156469
0.060000659481437464
-0.07950174670318053
-0.05690374747191562
0.08122573309841306
0.05379539447444195
-0.0828330944029054
-0.05061224027980009
0.08426808335386357
0.047373513708674236
-0.0855215024320407
-0.04412049437372266
0.08662486143772519
0.04085704364384201
-0.08753367018765744
-0.037543089240586726
0.08823394560020503
0.0342075772093775
-0.08875473747200777
-0.030845287426793863
0.08913773843695354
0.02745167698337843
-0.08935931428804253
-0.024067542267254986
0.0894213807587484
0.020682165852340964
-0.08930221799300063
-0.017324443059827895
0.08893126243227366
0.013972275800419556
-0.08844482610805916
-0.010684412716333169
0.08783682952462325
0.0074388638267987054
-0.08705076539474442
-0.004230945965684282
0.08613972233233241
0.001063931368636442
-0.08509664414933013
0.002028655096577272
0.08394003720360214
-0.005057223822778664
-0.08264987958572573
0.008049369403206195
0.08121329222482845
-0.011008830011301792
-0.07963191655732176
0.013838991289469601
0.07789400862663767
-0.016509372735477
-0.07604009432647492
0.019004796027631506
0.07415385685765494
-0.021332128445449274
-0.0721743966153176
0.02347144334090934
0.07012251392054304
-0.02550246584408129
-0.06798382555343885
0.02734383764310625
0.06575791819069905
-0.029056579051799914
-0.0634912638227929
0.030637968279869685
0.06116720026564013
-0.032119821443239244
-0.05877398515092546
0.033447172552797555
0.056415011050907946
-0.034572982557131156
-0.054052706941077576
0.03551847311377075
0.05164104643857544
-0.036265211948267616
-0.04919022664328387
0.036891734366518575
0.04674128035432324
-0.03739685052825209
-0.04429105496332628
0.03781287554383377
0.04193470747217585
-0.03808954361616142
-0.03959677375777673
0.03818711995619892
0.03729348126952706
-0.03811177063012814
-0.03506812087606626
0.037890490090812086
0.032883858574216905
-0.037549106037270276
-0.030749934585968173
0.037086185067375835
0.02868407971803972
-0.036497857592161016
-0.02675377800036898
0.03586356180780019
0.024895902630675697
-0.0351495731202458
-0.02310408241863445
0.034355159390593006
0.02142125839494824
-0.03351166685024335
-0.019801808338424272
0.032550014189832555
0.018256520654745576
-0.03148266448543421
-0.0168249395758558
0.030367882207868152
0.015483636292614034
-0.02919046579387783
-0.014281105499003657
0.0280118889316902
0.013181441097033699
-0.02680245489394729
-0.012157414562284074
0.025535397667620686
0.011222821971001927
-0.02424402596016483
-0.010447747574175735
0.022903946922239862
0.009822400940791415
-0.021579193218337185
-0.009277976189713788
0.02021813954711773
0.00881109099997058
-0.01884555008898733
-0.008472364942689813
0.017469735722197583
0.00824674628418379
-0.016113347220997092
-0.008123016374152707
0.014805650703561364
0.008149833238612306
-0.013492720514514106
-0.008315634465777539
0.012192686792542432
0.008514757985430384
-0.010921978792887714
-0.008779506760916772
0.009665077389591504
0.009094464746835259
-0.008489410139928
-0.009504949783970654
0.007439896703259246
0.010028349079563006
-0.006468183821712542
-0.010656090071338567
0.00559298881742676
0.01133204003514488
-0.004825334828426837
-0.012112429167096875
0.004194072853658201
0.012964949491637906
-0.0036137431792768885
-0.01393830642564544
0.0030943264407036685
0.014909555381061854
-0.002632359768014715
-0.01589447162180934
0.002302633794112823
0.016886555567573038
-0.0021569017592704565
-0.01791621264058907
0.002154133503630035
0.01894933233350635
-0.0022279974739670273
-0.019943703793145716
0.002393153624526498
0.020890615704599023
-0.00265916586843412
-0.021847350010642166
0.0030409112723089235
0.022833871794461415
-0.0035807649550184464
-0.023826621695033922
0.004259222418590376
0.024714239402131424
-0.004986686368730123
-0.02552174098644931
0.005778936778709443
0.026296652383338576
-0.006621018896779346
-0.026982396102009094
0.0075066767569558325
0.027614389971642544
-0.008436973873697637
-0.028169789959899053
0.00940062744845606
0.02861386084168156
-0.01041532222295532
-0.028897181754031824
0.011432809059839621
0.029122616385325994
-0.012449102103165995
-0.02929185816180038
0.01344486093443481
0.029378019096188996
-0.014485972942327972
-0.029354640740492485
0.015551039284765788
0.02919830000993698
-0.016618633894665474
-0.028975229584394864
0.017657462880968217
0.02866852409512255
-0.01872327593210533
-0.028281968505381158
0.01971733102243939
0.027864863532386718
-0.020689710057971225
-0.02748020704866617
0.021633814402271374
0.02706230247591769
-0.02255835500097145
-0.026574353841714325
0.023449402364045673
0.026033284802114337
-0.024339780314895674
-0.025434789001172128
0.025209534408619127
0.024758590217981012
-0.02610009552097548
-0.024058868052990845
0.026980688533628606
0.0232852091948695
-0.027798841914957104
-0.022473335425435028
0.028558377861447687
0.021617150241380903
-0.029232229380970948
-0.020759731667680623
0.0298494929824969
0.019870781735299572
-0.03043153656732031
-0.019020132807204382
0.030990313628943583
0.018182191977774466
-0.031520217116487066
-0.017284116731302326
0.031990255777141846
0.016373178927742885
-0.03243328181567146
-0.015441106501582029
0.03288135557477194
0.014477759723876191
-0.033249169004731294
-0.013505773029305633
0.0335834940547666
0.012516282516496785
-0.03390303167680756
-0.011445749875801431
0.034234916752260945
0.010383752497594847
-0.034510306964551825
-0.00933777879808047
0.034709675617715485
0.008342977734295936
-0.03485945937093829
-0.007312407444607177
0.034994620562760245
0.006280798637822912
-0.0350270898641142
-0.005235801366102304
0.03500923481740241
0.004173497243952497
-0.03490661890701528
-0.0031267739674696263
0.03473865567368463
0.0021032714813535515
-0.03456625555131849
-0.0011577481103482458
0.034388583144007896
0.0001600555046264175
-0.034150092826544194
0.0008403554622386732
0.03389405357290659
-0.0018077556239828076
-0.03366015066047216
0.002686256558835727
0.03337026224793777
-0.003564113235097196
-0.03302854645445685
0.004475679252157333
0.03262526380149126
-0.005434834561877861
-0.032209101822049106
0.006378473610472929
0.031693422766583816
-0.0072577710700082185
-0.031129942960567973
0.00805148652069712
0.03056399501542406
-0.008850596910408012
-0.029966907628122375
0.00961090940791084
0.029342342253805782
-0.010325550579281825
-0.028693585260811064
0.011046211745856344
0.028046420398820125
-0.011745580978997434
-0.027368713349844257
0.0123721266225214
0.026711063440576676
-0.012984606735192881
-0.026018080416425754
0.013533955171531234
0.025319377939869967
-0.014010472547676903
-0.024597277007129756
0.014417565857896006
0.02386960836587168
-0.014778420538609002
-0.02309274894556614
0.01507314913654973
0.022283145433042658
-0.015334188296605213
-0.021468470797369455
0.015610204280248115
0.020663555279568906
-0.01584492896181095
-0.01989730007785515
0.01603852689874905
0.019204501771144248
-0.016206757382481785
-0.018576594610011668
0.01640517829099845
0.017976439813332468
-0.016615268442201746
-0.017398922670412813
0.01683628353305472
0.0168480227104942
-0.017030881233742013
-0.016323960759415276
0.017166649122408634
0.01578351146082382
-0.01727395982568493
-0.015347810029227317
0.017349629777929868
0.014968011422178566
-0.01744995750400289
-0.014645568993736693
0.01760150273952435
0.014328092154789947
-0.017718626296625524
-0.014047333788052573
0.017876445798796502
0.0137936638956294
-0.018088713763274845
-0.01351611430152815
0.018359123554584737
0.013182609967308136
-0.018596824038981823
-0.012870557621201581
0.01880619348913087
0.012548156330856972
-0.019009942251449773
-0.012179135562431524
0.019163443112822545
0.01177640781357959
-0.01930193470710724
-0.01140378152177627
0.019424210752295213
0.010999616163883749
-0.019531827771463568
-0.010553874353217706
0.019596825341197402
0.010120416641980878
-0.01964903030593993
-0.0097005770324407
0.01968381645610132
0.009257599600954453
-0.01972768936672259
-0.008739532933982693
0.01975477578317804
0.008191777653416622
-0.01977391759944141
-0.007690796282185282
0.019785470407878317
0.0071969750877281065
-0.019858056188620243
-0.006679298628450714
0.019918093087960137
0.006161756824859785
-0.019921906763690315
-0.005652696060090476
0.01986296212709763
0.005130002771375431
-0.0197588889877541
-0.004586992451483521
0.01967804035468943
0.004008453197416903
-0.019610269771255056
-0.0034157654426910824
0.01947412651346695
0.0027621654536257667
-0.019271356880083773
-0.0021080226858268747
0.019053829841020678
0.0014804383134042758
-0.018803887159972364
-0.0008647260157657283
0.018504866188532167
0.0002667028811538167
-0.01819461708443646
0.0002605829426351472
0.01788148210598738
-0.0007703302129875604
-0.01748251366818966
0.0012653645075980673
0.017077571163346936
-0.0017553392402390523
-0.01668593264628805
0.00226207010840431
0.01631583799162711
-0.0027437858800482278
-0.015968686292937777
0.003260811216584851
0.015640748895048517
-0.0037176380425959082
-0.015317629415400751
0.00409954174840334
0.014931547208356594
-0.004476949766506457
-0.01454066236145277
0.004847786852716742
0.0141824848535368
-0.00522138277591494
-0.013837176453814978
0.005538481288243562
0.013482470348914756
-0.005853316595314843
-0.0130992677565231
0.006087711609534338
0.012681884059295373
-0.006251356041770519
-0.012267295429177117
0.006391713865234145
0.011868333900989035
-0.006466990671542355
-0.011493305865083667
0.0065263396197604755
0.011103964144202838
-0.0065852298412245325
-0.010740565229046067
0.006666045563918631
0.010443892231424981
-0.006680732248124975
-0.01017400236484946
0.006718173047925359
0.009878986892724031
-0.0067582906679636385
-0.009610785907724611
0.006736435093490252
0.009351671995210616
-0.00666904660410211
-0.009084257562852307
0.006588515466226361
0.008781009727557569
-0.006510650046589468
-0.00841329068124849
0.006457588494132133
0.008019697669866082
-0.006448617840140019
-0.007657141635465796
0.006448732735130102
0.007364992290675533
-0.006435895107382175
-0.007026625482814058
0.006437932412205733
0.006696975071143756
-0.006461640404482046
-0.006354275122942171
0.006442076623691104
0.006023871455715606
-0.006365834028475526
-0.0056883381399026895
0.006247159346260309
0.005333689115823088
-0.006128427446805607
-0.004931829008639669
0.006027804552812216
0.0045194184638484465
-0.005869482285358586
-0.004064169178981141
0.005660636193672535
0.003645560314167783
-0.005445308086495866
-0.0032326919943892686
0.005192868234985187
0.0027994644899577634
-0.004938511919339033
-0.002378748461808531
0.0046495721599813826
0.0019737875188446173
-0.004323285046605628
-0.001598049109191195
0.003981323240017414
0.001183616325936946
-0.0036112268435473794
-0.000760783983177163
0.0032045945900469417
0.00037005249454100206
-0.002804981430900086
-1.3433455104673975e-05
0.002386910918070706
-0.00032623018459384433
-0.0018942350898217876
0.0006624143254801795
0.001365282088182834
-0.0010284932445818074
-0.0008040519723855887
0.0013626729421461938
0.00018097629691678926
-0.001663381040667913
0.0004574400002395828
0.00188586021198371
-0.0011326016489983767
-0.0019634434539996704
0.0018378658213858393
0.001945866501982801
-0.0025647512826163566
-0.001898946164996798
0.0033169463469697527
0.0017751314957681625
-0.0041013188440146425
-0.0015756493558376477
0.0048674729893401995
0.0012688174663293434
-0.005610368411643621
-0.0008833682737437297
0.006367590367670192
0.0004310589429057279
-0.007047872802401264
3.094700620305979e-06
0.007648677472807302
-0.00044016346897412915
-0.0081552343336087
0.0009163602336840842
0.008645985956082214
-0.0013798796748491497
-0.00911316094664449
0.0018357217435383802
0.009600117877282516
-0.0023703159725995335
-0.010070182333018011
0.002932390287802569
0.010484675624074851
-0.003500666443507506
-0.010867140831590464
0.0041057731402244285
0.011205600734670512
-0.0047334055733272975
-0.011537842337586477
0.005429657470723123
0.011827584576553559
-0.006178006457899594
-0.012101270920065096
0.006914450649740473
0.012362440118099902
-0.0077010447981097985
-0.012620537747910112
0.008532664451853553
0.012834210473632542
-0.009419066640621832
-0.013015915970329825
0.010381450337755433
0.013125956834113325
-0.0113530610647514
-0.013249941223887186
0.012313962943806418
0.013297031559218618
-0.01328248263899479
-0.013239649856784204
0.014239284492896676
0.013115081581310275
-0.015168638634963696
-0.01288936954131884
0.016016838291693345
0.012659051780214583
-0.01690744080295143
-0.012444406818676725
0.01778394471383215
0.012227424964268355
-0.018692427558718316
-0.011883928252245808
0.01958176229701603
0.011480914054640873
-0.02044195123621781
-0.011132154239309572
0.021297669743224827
0.01077163412974517
-0.02217221823918739
-0.010351821119957739
0.023070589971460467
0.009839734693835858
-0.023922600278550494
-0.009262694558138752
0.024723619925868377
0.008620421602337692
-0.025494520961564363
-0.007901185833355704
0.026245732102258407
0.007111081796102935
-0.02695010905943002
-0.0062273841314315044
