Spins Simulated:	1000
Sample Rate:	1000.0
Sample Size:	3000
Read Time:	3.0
Diffusion (cm^2/sec):	1.0
X-Gradient (G/cm):	0.001
Y-Gradient (G/cm):	0.001
Z-Gradient (G/cm):	0.001
f0 (Hz):	250
Data Start:
0.0
0.9998262192941259
-0.03529128275034464
-0.9984478986564946
0.07046281928585768
0.9957056042650916
-0.10556977881119171
-0.9915988215093773
0.14055854995336176
0.986139062633763
-0.17533952520140095
-0.9793490438676957
0.2097257035720555
0.9712807613210068
-0.2438104376372416
-0.9619174851817217
0.27752893915136284
0.951258975247235
-0.31087787693684416
-0.9393756500769593
0.3435788495335506
0.9262756315265356
-0.37589403238723584
-0.911921054264888
0.40761517470985
0.8964382259059946
-0.43859700980686317
-0.8797825615805915
0.46902444478094363
0.8620151196460437
-0.49869435426312997
-0.843207773768136
0.5275847500412384
0.8233932695670709
-0.5556816887002165
-0.8026160052732175
0.5829091440811579
0.780952061518455
-0.6092936672103548
-0.7584810911286797
0.6348329631613716
0.73495359878553
-0.6596970745136035
-0.710467096304077
0.6836443476059201
0.6851929401981832
-0.7066270120705922
-0.6591339014088232
0.7285710898578788
0.632304959079011
-0.7494992804500077
-0.6047471670269284
0.7693846201828927
0.5764052210598686
-0.7883513402765969
-0.54735939169166
0.8061887815051562
0.5178267113453366
-0.8228658544642592
-0.48770036325906685
0.8383972415951592
0.45716120447263414
-0.852761732658827
-0.4262244534277929
0.8659222849933301
0.394899514423118
-0.877915613736317
-0.36326414070455765
0.888719374998072
0.3312982218513729
-0.8983785504429123
-0.29907294642681626
0.906869459767265
0.2664630166850754
-0.9142324261594647
-0.23334058430280516
0.9204951298967413
0.20000373491639337
-0.925577474256616
-0.16652479401531914
0.9294454591278052
0.13312190235026106
-0.9321843213554163
-0.0998035793348091
0.9337641514888558
0.06658092439144318
-0.9341809924803824
-0.033163187220862346
0.9334061165834228
9.191535398656809e-05
-0.9314471996512079
0.032740469044209304
0.9283954246947589
-0.06545787925492758
-0.9242115384584277
0.0979359671588679
0.918906717895024
-0.12994660383340417
-0.9124313866025974
0.16169739220180382
0.9047975440384828
-0.19305131120329835
-0.8960605794929377
0.22393805547798643
0.8862679481609468
-0.2543525779194546
-0.8754408012978162
0.2842557237425545
0.8636091183886468
-0.3136318979661185
-0.8507741293957972
0.34253496503926084
0.8369301757785209
-0.3710887659210043
-0.8220149087405317
0.3992399159249455
0.8061087562401448
-0.42685657093663937
-0.7891365739906916
0.45372968976982686
0.7713798789459821
-0.4799779630603357
-0.7526899931123003
0.5056441081286307
0.7329776368714379
-0.5306538451984971
-0.7124434351568615
0.5548821713623425
0.6909906308516601
-0.5782391971491573
-0.6687201501265392
0.6006732491288522
0.6458145880757103
-0.6220647923883632
-0.6223890878475288
0.6425837611551436
0.5982864598782621
-0.6621638837910757
-0.5737200385686061
0.6807657427482984
0.5485818440632042
-0.6983939504355762
-0.5228387186391427
0.7151498646230203
0.4966563798250029
-0.7308594005677362
-0.4700059493371547
0.7456073061269448
0.4429052217280826
-0.7594352972069351
-0.4154200353786935
0.7722885916643675
0.38754529101920093
-0.7842109028263061
-0.35929519449943453
0.7951444767369378
0.33059339875029586
-0.8051128570361727
-0.3015952547413864
0.8140564069721821
0.27235985254815287
-0.8219972055654039
-0.2428642853984586
0.8289526499950913
0.21319568356795926
-0.8347273298817866
-0.183329511195159
0.8394618584441547
0.15320277734680143
-0.8430623917913165
-0.12306260196502974
0.8455875310677602
0.09283346642406907
-0.8470109567125534
-0.06276466286805069
0.8472368061438379
0.03283809596552391
-0.8463441972487621
-0.0029825464147873637
0.844318691369384
-0.02687651406599912
-0.8411401745244176
0.056444452401474714
0.8369348743176775
-0.08585935458819934
-0.8317201735692988
0.11503805335719147
0.8255422748460669
-0.14380851811176118
-0.8183817625314694
0.17205234064871255
0.8102876173342304
-0.1998276160641197
-0.801290610256634
0.22729801669602936
0.7913936689206399
-0.25438037851914586
-0.7805083126426865
0.28109565292393823
0.7686158374285956
-0.3074723719592883
-0.7557964156464407
0.3332999589092594
0.7420926798076928
-0.35853801930549906
-0.7275596724843861
0.38318005624525736
0.7122047615996031
-0.4072267806654346
-0.6960995078885783
0.43080417803542925
0.6791499690885449
-0.453626838415246
-0.6614455494480214
0.47562084106307945
0.6430626901663284
-0.49697291408381894
-0.6238533343089041
0.517609045154289
0.6039472679695925
-0.5376002090824651
-0.5833414030611018
0.5570008972743071
0.5619962813156542
-0.5754263645632811
-0.5401212036257861
0.5929131455826012
0.5177048453540027
-0.6095975633621014
-0.494709930512162
0.6253529033353735
0.47130060033607
-0.6402328508250401
-0.447483602556473
0.6543606004663612
0.4231400902172896
-0.6675896158247855
-0.3982739131569771
0.6799177549154699
0.3730944594304984
-0.6912929481973245
-0.34779022557260736
0.7017356858018895
0.32223791076422603
-0.711162075224178
-0.29653410517108186
0.7196700803829708
0.27069369961833645
-0.7272052273540458
-0.24473343441058673
0.7338205124751395
0.21866170286081807
-0.7395494613636914
-0.19244520486779948
0.7444258996097751
0.1660690558383466
-0.7483397882853776
-0.13950734085236757
0.7514305667818699
0.11292987871403679
-0.7537222602082095
-0.08641556648206176
0.7550653887632707
0.05998264081877061
-0.7554696842119895
-0.03358778733320193
0.7550315891022638
0.0072747161796155825
-0.7536116510885583
0.01890074887225504
0.7511968648287313
-0.045004332660798195
-0.7477454344248208
0.07084976576100199
0.743315193851641
-0.09643915944442258
-0.7378951804477674
0.12170555377140847
0.7315053387313109
-0.14652542707003727
-0.7242984535950537
0.17113281489103221
0.7162369752170024
-0.19545258955831826
-0.7074817102404662
0.2195105078315953
0.6978363906453592
-0.24322357315646803
-0.6873936599444942
0.26651977118169473
0.6760311679618464
-0.2894087148246437
-0.6639076137608362
0.3116963880903557
0.6509921268890073
-0.3336022751230488
-0.6372764837201943
0.35508592321279103
0.6227601323910584
-0.37602819865314185
-0.6076392407309643
0.3963197406324744
0.5918712783865541
-0.4160012931847649
-0.5754623616870802
0.43504363531917295
0.5583906297298128
-0.4535177999442696
-0.5407573433373148
0.47133059154708185
0.5226399447639031
-0.48836123648364105
-0.504030631477789
0.5047227511831427
0.4849637747181858
-0.5203280036355784
-0.46543664641717103
0.5353015040927696
0.44534070044134016
-0.5495541131138318
-0.42473396970026195
0.5631288329329972
0.4036449878070921
-0.5758879221458513
-0.3821453728517758
0.5878039571939437
0.36022733977450144
-0.5989194202482718
-0.3380713370906954
0.60918468442005
0.3157402088638098
-0.6186391131648306
-0.29311446673271685
0.6273684072422346
0.27015852783351163
-0.6354856722845663
-0.24701277721451473
0.6428156069774411
0.22364587684132342
-0.649420173887353
-0.20008465422985772
0.6552637743939695
0.1763332181758629
-0.6602742337878388
-0.15236907354596163
0.6643441561629738
0.12827594917272772
-0.6674942611604424
-0.10413819341407146
0.6697480506428701
0.07994613470375765
-0.6709606162396792
-0.05588983134469949
0.6713704458070815
0.031877958811316706
-0.6708462605971022
-0.007924488686634559
0.669377620597859
-0.01597495166810931
-0.6669699258630077
0.039701322511571546
0.6637608947228427
-0.063305997212103
-0.6597118984707075
0.08670183032169054
0.6547709954439571
-0.1100250524147968
-0.6491020607818917
0.13302166409186883
0.6426482889562568
-0.15558496188248835
-0.6354601864983105
0.17785800795971124
0.6274087831037445
-0.19992408368262568
-0.6186003027373258
0.22154962096913436
0.6090124304410005
-0.24288585191692738
-0.5987690464119617
0.26381627413826975
0.587912454724329
-0.28426402047304933
-0.5763309626665019
0.3040795088213064
0.5639633143401479
-0.3233700785981363
-0.5508887349331608
0.34212301652946236
0.5372246734446379
-0.36043646927696393
-0.5229999510916329
0.37828576656749613
0.5082816214377124
-0.39548108571385715
-0.49309187346576566
0.41219275668978866
0.47729023897288547
-0.42840832268621926
-0.4608465280517052
0.4439692526392773
0.4439441951669335
-0.45883300345850336
-0.42650340624311184
0.4729937254043289
0.4086382685515638
-0.4864321962938382
-0.3903514102416568
0.4992970872913732
0.37175332493443947
-0.5115867437222715
-0.3528129371969642
0.5232148520432313
0.3334257963727238
-0.534222242022629
-0.3136818602279164
0.5444878538938026
0.2934606166885998
-0.5538995993070498
-0.2729221439222478
0.5625448734715364
0.25208323553505113
-0.5703666081998761
-0.2311242399689372
0.5775009952095098
0.2100040853672293
-0.5838583956677524
-0.18861763546568924
0.5894572103206107
0.16691110995081807
-0.5942445637527213
-0.14500779218095947
0.5983099699310152
0.12297002349626858
-0.6015974454282876
-0.10078288897510039
0.6040639404392194
0.07857557128501609
-0.605654243382083
-0.056338026225814915
0.6063720025277409
0.03411583245018059
-0.6061858454690952
-0.0118871698920221
0.6051930561316153
-0.010304416526422382
-0.6033446060944537
0.03248637087291294
0.6007050153264192
-0.05451689788036368
-0.5972491268457133
0.0763163918881314
0.5929519501127374
-0.09792222898945131
-0.5880236486505146
0.11934037435901555
0.5823742616159145
-0.14035449648506326
-0.5760008173434741
0.1610125033739968
0.568832768421168
-0.18144763472240355
-0.5608435433402765
0.2015104769303259
0.5521448836573897
-0.22130797250768292
-0.5427093910851767
0.24058805749836187
0.5325204642436733
-0.25933768185314937
-0.5216175981008915
0.277687432715003
0.5101736679712685
-0.2954806251869909
-0.49811828259535434
0.312826570255769
0.4855722320467115
-0.3296484039712834
-0.4724477671984032
0.34591792773375246
0.45869091994508443
-0.361552312303712
-0.44448295022134876
0.3766412116738683
0.42977044532291925
-0.3910849666398408
-0.4146290311047308
0.4050470912500386
0.39905436768134855
-0.41833553423557746
-0.383062445617721
0.4311865505384297
0.36666147999358606
-0.4434949217292592
-0.34969767488513254
0.4552271891369621
0.33225257677598735
-0.4661652561009027
-0.3143799335860564
0.4764078473894835
0.29626144187393416
-0.4859250677186635
-0.2778612899687633
0.49478739722529724
0.2591004077221701
-0.5029375772437852
-0.24013115780949007
0.5104087086117934
0.2211615968516303
-0.5171736851737719
-0.20209773488217733
0.5232788347698797
0.1827541919986377
-0.5286222148718537
-0.16319530045413
0.5331150541028957
0.14337739743555186
-0.5368340300836342
-0.12360233735646299
0.5398701485557912
0.10373925352392369
-0.5422378618579593
-0.08378507760368809
0.5439732314360102
0.06386747755998586
-0.5450626400685928
-0.04400138676632662
0.5456170651767968
0.02407280007016712
-0.5455452477626836
-0.00435525275000425
0.5447842487323243
-0.015333155349492408
-0.54331652145525
0.034886068395641893
0.5411248513019665
-0.05412428338203629
-0.5381466146213427
0.073042329674948
0.5343902263920897
-0.09173185638958842
-0.5300304372713339
0.11032830802086581
0.525032997331799
-0.1287198856549401
-0.5194442232621757
0.14687859556790855
0.5132239805345915
-0.16470347086322146
-0.5063774117898309
0.18227685942721955
0.4989494981923359
-0.1995895772849508
-0.4909942506854321
0.2166202076945777
0.48236551267953337
-0.2334470969983665
-0.47310316324583723
0.24996501260530954
0.4633663509149739
-0.2661076081182825
-0.45308406359806835
0.2818812514244381
0.4422368484775964
-0.2970331918937953
-0.4309001101920944
0.31178703089846616
0.4190214020693491
-0.3261502369575515
-0.40660660717419184
0.33997869467192804
0.3937485701671489
-0.353274986719941
-0.38040863784930457
0.36607210712819005
0.36654809825646645
-0.37825357913991736
-0.352336442697901
0.3897179990121853
0.33781518879809824
-0.40059087748204214
-0.32282417783535333
0.4108638683697117
0.307456107184732
-0.4205013804977076
-0.29177133977102804
0.4294573101403174
0.2758807224660297
-0.43788578804192524
-0.2596833866219067
0.44574475647188816
0.24320800987070476
-0.4528620127521293
-0.22644917454233246
0.4593565279294911
0.20952823156918096
-0.46532237371761814
-0.1922176131000795
0.4706853599480274
0.17485111699572936
-0.47545139016112964
-0.15732276788074837
0.47956318865229824
0.13973436206617618
-0.4829800154050773
-0.12212038478494283
0.4857898004920211
0.1044330005769094
-0.4879822188659343
-0.0866684530939607
0.4895167672932339
0.06894752718455234
-0.49043533431091785
-0.051384848885803684
0.49084072121109085
0.033879281092571274
-0.4906197147688562
-0.016540772722340613
0.489780820672133
-0.0006201787607185878
-0.4883787934262183
0.01781194072695915
0.4863298163812592
-0.034813971297851895
-0.4836779278160047
0.051721975301804175
0.4804684999948072
-0.06845694757806377
-0.47672104489020745
0.08508062074560895
0.47238681105706704
-0.10146982264039142
-0.46754639156128164
0.11772408929353209
0.4621808436005691
-0.13375219927008275
-0.456241207465773
0.14960094387371448
0.44982150480119903
-0.16517189045903596
-0.4428244237588142
0.1805486064189416
0.43521789660171617
-0.19574835006970107
-0.4268894548735608
0.2104784711439802
0.41797733242746854
-0.22473738259940546
-0.40840220140256195
0.23855967700486266
0.3984847907533131
-0.251896477671543
-0.38819401188514
0.2647549877107703
0.3775397788160666
-0.27732271351793214
-0.36642767717479596
0.289403110193772
0.35492085951985763
-0.3010899955230228
-0.3429449045107311
0.31232617172699983
0.3305745230032295
-0.32302088650452454
-0.3177789513106943
0.3332225835837839
0.30478562781085045
-0.3430567437103213
-0.29149284421325156
0.3523501139799799
0.2778036885904798
-0.3612445245390289
-0.2637980520289863
0.369526336032821
0.24953442856535032
-0.3772394397207609
-0.2350747068295215
0.3844647171716676
0.2204665285097842
-0.39112762498010145
-0.20574519615390208
0.39735631269841964
0.19096337513743275
-0.40317075563940996
-0.17619492016804145
0.4083604836920162
0.16138900175062337
-0.41295387160529123
-0.14641112374566018
0.41697248906976325
0.13115023478824267
-0.4205514868166838
-0.1158918269188626
0.4235667257566004
0.10064642357837782
-0.4260203831833271
-0.08532705502621785
0.42810695303034313
0.06994918760024936
-0.42962088838519913
-0.054583898115383465
0.4306986569891471
0.0391671205669926
-0.4312538436604305
-0.023748524860620446
0.4312946774651365
0.008446282776702603
-0.4307747580950558
0.006786746808158836
0.4297287917073677
-0.02201537955674518
-0.4281765286514976
0.03713588864344222
0.42610464888080696
-0.052216993978526166
-0.42347386592638375
0.06725252944653752
0.4203144751777603
-0.08213183812643458
-0.41664509690646584
0.09684896220430923
0.4124672950504791
-0.11142029528179766
-0.40785990941789907
0.1258540811958138
0.4027022395764105
-0.13993446029151171
-0.3970830810427358
0.15374075659639946
0.39102802000670445
-0.16719132822202956
-0.38446477634898774
0.18029132346792584
0.3775056207884704
-0.1931223541038113
-0.370248252431309
0.20576312640013525
0.3624609375727155
-0.2181002515923507
-0.35417427318285755
0.2301869681494689
0.34531798004508485
-0.24190552364744167
-0.33608749252524267
0.2531462562477446
0.32652364692616437
-0.2640069674223626
-0.31671292022351577
0.274624517638713
0.30649548088668155
-0.2849525749124309
-0.2959866868912806
0.2948525447998222
0.28503625958186213
-0.30425023603394924
-0.27370154211770087
0.313186990133092
0.262024202464185
-0.32162526857455154
-0.2500777802452533
0.32968663387930114
0.23781425094391823
-0.3371872367377152
-0.22533957442590405
0.3443117016203204
0.21270193707583934
-0.35086389311390564
-0.19980515362032011
0.35700010663963744
0.18674812273369534
-0.3626258933526185
-0.17371793413477038
0.3677136699980229
0.16052188353078453
-0.3722706492540383
-0.14730991389141893
0.3763423312228843
0.1340096052095088
-0.3798289833680044
-0.1206711528140106
0.3829787167574138
0.10721155968117241
-0.3856490917388465
-0.09362642737437478
0.3877905663602109
0.080035335006828
-0.3895270829987723
-0.06640243405593027
0.3908338372972441
0.05282635652170643
-0.39171579000878676
-0.0392671009344095
0.3921339880758696
0.025678398318935886
-0.39193332250872265
-0.012160245020112556
0.391204816438425
-0.0013716572715286428
-0.38985295393552377
0.01485328070935987
0.3879741972761361
-0.028219871604890426
-0.38573491319453357
0.04151534886642586
0.3829800579679235
-0.054790393844787205
-0.3798687972323989
0.06794805831144053
0.37648209695871326
-0.080892557134801
-0.3727223341581105
0.09365294907267849
0.368622450926244
-0.10619558682891786
-0.3640461584236402
0.11852196901642738
0.35921140797557427
-0.13064529444051695
-0.3540721549602918
0.1425841074259499
0.3485787993493184
-0.15431334962500498
-0.3427002756336929
0.166043507165343
0.33633037908650687
-0.1775743489329416
-0.32954256909538143
0.1890138482381886
0.3222935381209644
-0.20016539328881985
-0.3146783672574415
0.21092712809948677
0.3067097774794065
-0.22140620986144757
-0.2984502661523235
0.23167812124132608
0.28988380389423335
-0.24166986046412084
-0.2809584574804195
0.2512593356689997
0.2716478319005494
-0.26064359327970105
-0.26207420298357104
0.26986560437925994
0.25218846400782
-0.2788044076458479
-0.24191477411477838
0.2874259568415265
0.23130292821460782
-0.29562370859413073
-0.2204262062746608
0.3034301523430847
0.20940236923436584
-0.31076404107233074
-0.1980265208002876
0.3176918271186523
0.18620725372748845
-0.32410881703922506
-0.17408229177392348
0.3300410725608992
0.1617386063318837
-0.33547109130879377
-0.14910385117062555
0.3403399399845655
0.1362878243304807
-0.3446661066707396
-0.12333268201159746
0.34839112709132775
0.11017846396944178
-0.35162818753560876
-0.09709005900233733
0.35438589137755083
0.08397048994732774
-0.3567307180653839
-0.07079988712759758
0.3584676561304402
0.0575518742728888
-0.35967203181842455
-0.04435396096434634
0.3603367355875616
0.031091200282387006
-0.3605599934413014
-0.017920204479545714
0.360340036350698
0.004808770149860017
-0.3595670176494843
0.008310685534278557
0.3583976517180241
-0.021369955826240836
-0.3566549522843639
0.034304820762671114
0.3543211529614853
-0.04707519508471233
-0.3515669538043844
0.05976430425651756
0.3483322711697628
-0.07230424984509944
-0.3446861907790563
0.0848097475849183
0.3405967113309638
-0.09715277934015495
-0.3361040042397819
0.10917091350954637
0.33123447647450904
-0.121000266654158
-0.3259675011898575
0.13265538478310787
0.32033785995817693
-0.143927425965953
-0.3143008213683977
0.1548615560980636
0.30794203398855224
-0.16550700429516751
-0.30129222577242865
0.17580035999022825
0.2942324474956253
-0.18578208219412437
-0.28687895317751355
0.1954506676205859
0.27922291311889946
-0.20481768018224497
-0.2711414294821667
0.21380155958755134
0.26277723599273867
-0.22257635722291033
-0.25414064447225
0.23098614389575983
0.24536829430726143
-0.23904447507722038
-0.2364218790792876
0.24670845571885103
0.22731470063707568
-0.2539694084070183
-0.21801313765465968
0.26097652052121123
0.20851988185901726
-0.2675516246642954
-0.19880785987159974
0.27387383676286936
0.18890392402730988
-0.27983435050487376
-0.178889039182793
0.28552025640594375
0.16863862073231278
-0.29076528474577606
-0.15822517320698934
0.2956660150333685
0.14760163054419237
-0.3001098195923758
-0.136883811917438
0.30416090580249844
0.12597226520567054
-0.30775915287266864
-0.1148808589036867
0.3110423242684864
0.10368332974769245
-0.3140765294483187
-0.09254117237271203
0.31679015916383796
0.08133649773229791
-0.3190224096284258
-0.0699525052453433
0.3208501837769912
0.058586789687152876
-0.32222057931939774
-0.04718559151484564
0.323209587651424
0.03570983954769552
-0.3239299478917501
-0.02417440069890652
0.32434427119663684
0.012621901679160757
-0.3244555151690834
-0.0011844053568062533
0.32417871636930295
-0.010197144314574462
-0.3234688160716908
0.02147149478900787
0.32218360596320644
-0.03257128870984341
-0.3204992566121018
0.04354518571220565
0.31849502040019956
-0.0544340266583572
-0.31621317882517913
0.06517940029021384
0.31355554136761427
-0.07590953847495598
-0.3104659263093737
0.08654001694292919
0.3070887682069028
-0.0969569002514511
-0.3033590222963875
0.10715796137400377
0.2992175148075893
-0.1172105902253321
-0.29471021200654823
0.12708322461285398
0.2899082226875329
-0.13669987075316214
-0.28475326390931965
0.1460502769901745
0.2794092071197428
-0.15529068247858419
-0.27384222426299876
0.1643110280056888
0.2678901644799204
-0.17310748548594837
-0.2616170812334498
0.1816253676529162
0.2548819492149771
-0.19008274495889768
-0.2477507031368314
0.19817166333978234
0.24028762155107988
-0.20589842641749964
-0.23262990386367066
0.21322554084743242
0.22481249816837306
-0.22031572960617635
-0.21683000508527164
0.22718768332069342
0.20855304134109517
-0.23371045716845465
-0.20010078545985735
0.24002714751855891
0.19142596196224818
-0.24597889060883224
-0.1825286006669658
0.25157204539737
0.17356718429675413
-0.25683627720708346
-0.16456762084155604
0.2617442670886465
0.15547323343394925
-0.26641502305431225
-0.14615676080026904
0.2708361664390161
0.1367447372306755
-0.2750063698134537
-0.1271933233750779
0.27888351724333243
0.11734009105093811
-0.28249699427794794
-0.10730883575858924
0.28576166838654415
0.09704458628764617
-0.2885951357187117
-0.08668551194311443
0.2910410331740944
0.07630581630703916
-0.293259226809099
-0.06573720175624063
0.2950870572577495
0.055163090910911476
-0.29647515556076104
-0.044534557892770145
0.297403067897519
0.033931690428392856
-0.2979676210779505
-0.023275375666074686
0.2981453354909311
0.012602690376270103
-0.2978304837080206
-0.0020751654285784834
0.2972368548731972
-0.00838142154283246
-0.296224468423952
0.018787768422970367
0.2947086612601068
-0.029035603265917757
-0.2928715323967617
0.039184088988260646
0.29063808313396755
-0.04925135419988402
-0.28801377688209673
0.05934281069589437
0.2849470474085233
-0.06927405364671992
-0.2814132615075638
0.07885010713549831
0.2774687559843989
-0.088279121315803
-0.2731847518729773
0.09765840784820075
0.2686171325588529
-0.10688869482023351
-0.2638233478623019
0.1159964997807006
0.258740270198315
-0.12484281479956505
-0.25330605107653065
0.13348655302706167
0.24764679325858557
-0.1419805813256891
-0.24176004203749382
0.15015228224574226
0.2356541758072701
-0.15809613281005594
-0.22926188907900905
0.165855961509514
0.2228978068230196
-0.17336901543302702
-0.21629130819577935
0.18065445278592066
0.2093376875744205
-0.18764964408712986
-0.20218299376513357
0.19442943613874986
0.19469443366906322
-0.20086401067789703
-0.1869706209178922
0.2070399641598295
0.17891277500603495
-0.21284916486323582
-0.1707612600156139
0.21833767467501547
0.16241426281459528
-0.22345529536634562
-0.15382069090589573
0.22839763665885496
0.14512507600470562
-0.23306601826108136
-0.1362993866778585
0.23739284828854798
0.12734449070880208
-0.24153068126376115
-0.11816461689533644
0.2454111009241165
0.1088906542872649
-0.24887767334687558
-0.0995090095590463
0.2520031738824148
0.09001477042151526
-0.2549374502313203
-0.0805434511997865
0.2575634140842262
0.07104611745510071
-0.2597218451078841
-0.06157750979811878
0.26150403104807063
0.05212563373287736
-0.26285714562012225
-0.042658558485978895
0.26385744939421424
0.03318010516621941
-0.26457832279858584
-0.023763829774518894
0.26490161104568327
0.014329710352948886
-0.2650021433719023
-0.004842320821564877
0.26470176741394413
-0.004622204209275095
-0.2641602011489597
0.014195516924740177
0.26328055218379337
-0.02369723656932213
-0.2621509451792936
0.03308635074608589
0.2605602575234031
-0.04242073808131022
-0.2586531151499415
0.051638163422700764
0.25651208058025565
-0.060685332589313995
-0.2541288253262019
0.06955453829193288
0.25141167351341354
-0.07838395620477875
-0.24840615705833194
0.08708696889428236
0.244967154963161
-0.09564337827658846
-0.24130564088536363
0.10400558186941372
0.23720182889292973
-0.11225414104928803
-0.23279201873473238
0.12040368535544595
0.2281423435348036
-0.12834929680439477
-0.22314358377349525
0.13607205691073412
0.21777196824882633
-0.14379772985050887
-0.21205644189498782
0.1512785980849213
0.206139373240365
-0.15839518824152837
-0.19997201644275037
0.1652312832229326
0.1934984027514236
-0.17178939528565487
-0.1866820463754203
0.17807377726335116
0.17954181619203016
-0.18408645762424253
-0.1722110081943927
0.18990178118859072
0.16468709715897717
-0.19552394445837576
-0.15695419835267685
0.20072452363067395
0.14911689329487993
-0.20571147001453005
-0.14134372886962154
0.21043522336266185
0.1334563565918388
-0.21486376374597774
-0.12546277248522295
0.21895536000665808
0.11730750997136058
-0.22266984195770395
-0.1089281293854943
0.2260453135085816
0.10036344449387669
-0.22906555095557302
-0.09178589100227051
0.23174930053123902
0.08306812455596735
-0.23415053612257133
-0.07435768783851157
0.2361782238343707
0.06561070284366087
-0.23788011574646342
-0.05685672252566186
0.2392216992157042
0.04816771536121163
-0.24045320699662415
-0.039508124829839106
0.2414048218132587
0.030981452901214727
-0.242104561102784
-0.022395846404533175
0.24247629038615692
0.013910209383132447
-0.2425461738247505
-0.005387915620401312
0.2424101960246233
-0.003024206081979532
-0.24193766582910475
0.011351231426930515
0.24107398898014284
-0.01958479725447464
-0.23974094101147303
0.02779295763964935
0.2381038075741237
-0.03593372388894155
-0.23617068576753275
0.043918220844849795
0.23395002636977513
-0.0517262158948345
-0.231473250558755
0.059336639154459844
0.22884517998255813
-0.06694652491354837
-0.22586233622032398
0.07442227675638809
0.22261320985473326
-0.08171850555941587
-0.21913347813928497
0.08893778506114655
0.21524176206270265
-0.0960875551093284
-0.2110575264848173
0.10316646937510043
0.2065105938419293
-0.10995416126955358
-0.20181287417307867
0.11655144564014926
0.19688862814589944
-0.12307794947618718
-0.19190583460333496
0.12939056868571627
0.18674979065979744
-0.13540886817973186
-0.18121421678434965
0.14117416696139345
0.175519402715155
-0.14701478464058892
-0.16974340563482598
0.1526175219362287
0.16375259628904604
-0.15806374104260631
-0.15761409591067096
0.16343281171562327
0.15135327925773512
-0.1685275047922855
-0.14496922064402432
0.17343128678107134
0.13845415597328586
-0.17797027985316824
-0.1318646093542251
0.18215920626006243
0.12514105242503665
-0.18604215523467962
-0.11839795997975842
0.18953754978677767
0.11153735063926858
-0.19286287529164392
-0.10445653097233579
0.19594381588058213
0.09724175190082063
-0.19877653335288126
-0.08997031954368226
0.20143679248750565
0.08260681967668994
-0.20389285467288587
-0.07524370393622304
0.20613109331916757
0.06781955919200162
-0.20813835994615199
-0.06026509353751251
0.20978388408435011
0.052610433423031
-0.21126196151316246
-0.04489340738380992
0.21237931700468432
0.03712148834609891
-0.21306953127100042
-0.029356870489163137
0.21348740727892693
0.02160770406491399
-0.21357658372154376
-0.013856374924342855
0.21349152841444236
0.0060554921186624705
-0.21300131632314573
0.0018770899823440177
0.21214242116831156
-0.009723008789040519
-0.21105700986108689
0.01732558791993593
0.20968246432136375
-0.024866580537932337
-0.20799070361141195
0.03227987318670812
0.20599833257685496
-0.039476678026507776
-0.2037101070747445
0.04654071000372382
0.20117575966696274
-0.05347948100805058
-0.19840863002711814
0.060315682854902214
0.19543280422580447
-0.06702336529429875
-0.19213826213898577
0.07342605609517074
0.18867015656250535
-0.07969406458199646
-0.18513272207385226
0.08581581755684681
0.18151897790042548
-0.09177385671552524
-0.17773877208665764
0.09772726873741237
0.17370806982693884
-0.10349269745927185
-0.16962475423810416
0.10907168397443412
0.1653743289083769
-0.11463943561683328
-0.1608488396581098
0.11998552618839273
0.15603879876100268
-0.1252290851305618
-0.1513014587111605
0.13041946883595343
0.14641192128554087
-0.13548844211454364
-0.1413834511122687
0.14031136861442972
0.13607922518820523
-0.1449007349075003
-0.13060430918306157
0.14930849337019192
0.12493390005119923
-0.15331816360071554
-0.11918284218815192
0.1571824261857338
0.11335357577245266
-0.1608298119525863
-0.10749628872777744
0.1643296415189863
0.10148325868123369
-0.1676599147143524
-0.0951686183419644
0.1707530524506441
0.08875461186412663
-0.17371381991552007
-0.0822081475557256
0.17643598013693176
0.07557033405705964
-0.17882537659610884
-0.06883723962412598
0.18082501572421586
0.06207437208596254
-0.1824720645219042
-0.05521231970621105
0.1839729210727776
0.048346759348996717
-0.18533452225811667
-0.041487216529606734
0.18647314413064914
0.034702111219732615
-0.18737683140706288
-0.027877692538423794
0.18811623407162012
0.02104852910423311
-0.18874692617867875
-0.014274221900171413
0.18917228163805863
0.007514546493704984
-0.18939571636562577
-0.0008257916348556487
0.18932985245213524
-0.005891559216631459
-0.18898058955837832
0.012619836679702508
0.18847098370617002
-0.019289313233760725
-0.1876929229433583
0.025931119274652945
0.18670205622987945
-0.03250063564448867
-0.18547725686912817
0.038980194391766705
0.1838967859504482
-0.04562306593575338
-0.18202879877473538
0.05227252212398016
0.17999461602940073
-0.058837169001966456
-0.17763469796716844
0.06535555742759462
0.1751047498440655
-0.07173275391756952
-0.1723704125181878
0.0779936989839779
0.1694467225378698
-0.0840602122950986
-0.16633776171068482
0.09001134410308091
0.1630508965361539
-0.09585666491717888
-0.15930051490114092
0.10161731830275642
0.15546950006925492
-0.10724080385955852
-0.15150018923582212
0.11255696611005228
0.1473290029172869
-0.11781249525028835
-0.1429913491413025
0.12280020294448041
0.13845563541092232
-0.1276159963196208
-0.13366902268415962
0.1323037324663883
0.1285422901856828
-0.13687358624723056
-0.12313317823526175
0.14119715719590753
0.11760275929230149
-0.14541933450457234
-0.11202338910127793
0.14937970126351272
0.10637316733456945
-0.15298063320209235
-0.10070922698126746
0.15641346412006593
0.09496030390263072
-0.1595824964192319
-0.08910675807245162
0.16241411293502478
0.08307431873973464
-0.1651004495270819
-0.07696719663823186
0.1675661777510007
0.07074926086755906
-0.16965556998811937
-0.06452575558906015
0.17163433915386805
0.05823178740403857
-0.17331894716712726
-0.051934292595119516
0.1748130994045779
0.04554617691196617
-0.17615352368605317
-0.039216552839467525
0.17734255645497396
0.03291167641475512
-0.17843521538223978
-0.02639548555190022
0.17931562474404605
0.019668275706185775
-0.17986016438600566
-0.012934028165031837
0.17996929471520723
0.006294744036080672
-0.17986683192341602
0.0004071038067965246
0.17944728731253198
-0.007050490883185993
-0.17877078842632188
0.01354793655153276
0.17794820838445316
-0.01993850900798302
-0.17698885497919264
0.02636251509315374
0.17586747218546508
-0.03279363289839189
-0.17468076148470688
0.03915992617559902
0.17337836653968544
-0.04562018298292076
-0.17191831523429377
0.05190903463293484
0.17002598586104606
-0.05823536970657504
-0.16788131010714297
0.06442377768268072
0.16537584047199178
-0.07048884924400048
-0.1625995096848401
0.07637323966447976
0.1596153612229341
-0.08220174684249712
-0.15635872901476358
0.08797836388308668
0.1530041136019034
-0.09352909950067248
-0.14929700915477667
0.09903239261957537
0.1454150031178104
-0.10430848702116564
-0.14135509120939257
0.10944320705080433
0.1371564683479046
-0.11441207006615972
-0.13280580156008856
0.11915388125475647
0.12828049016576248
-0.1238785347422017
-0.12353938774747869
0.1284185972082108
0.11850146365590526
-0.13279551738266546
-0.11324679509607763
0.1369422211837981
0.1079257284728325
-0.1408208812088271
-0.10235585989159648
0.1444361340425785
0.09663175832666616
-0.14780652538708672
-0.09076445998244836
0.15090456601270963
0.08475433072066318
-0.1538656649000293
-0.07872999230278066
0.15672667299262608
0.07265446938493696
-0.15925597100872835
-0.06639813526526325
0.16141676046615808
0.06002985847312344
-0.16331513204657366
-0.053670930938314626
0.1648979396205665
0.047245639245258174
-0.16630641124384116
-0.04081719322822193
0.1674537346063912
0.034376995019788
-0.1685178584325966
-0.027970972523364446
0.16924216039788112
0.02158159641875078
-0.16980392596384639
-0.01514762288040174
0.17013484986561905
0.008660595139941621
-0.17017202348505547
-0.00214918805082241
0.17009479007775227
-0.004341439065760249
-0.16981183252716578
0.010724242271808227
0.1691589943859233
-0.016923799287849938
-0.16832350022974615
0.022968386912026878
0.1674030112058824
-0.028947947392666873
-0.16616556696630633
0.034868972162785804
0.1647409278764927
-0.04070774534156848
-0.16306304695781335
0.04662595592153744
0.16115610056035076
-0.0523526576603357
-0.15903833043490356
0.057909505540221555
0.15662198001912928
-0.06338282100700013
-0.153954116948547
0.06861715033375039
0.15121420894593862
-0.07372062906011734
-0.14838315686428324
0.07874282606534401
0.14541988343318177
-0.08377084952072943
-0.14234506217265228
0.08863401517948488
0.13908107035825792
-0.09330367179873034
-0.1356500287933023
0.09780530041936114
0.1320430084007842
-0.10224886985067125
-0.1281809893634212
0.10663107816827211
0.12411449609696136
-0.1108837356445034
-0.1201006129032169
0.11508590743477234
0.11584104567347613
-0.11901884037010108
-0.11150899499178266
0.12279728391640812
0.10706275544218087
-0.12643841827191976
-0.10270199992469024
0.1301372484815062
0.0981696460168147
-0.13356306110575417
-0.09347984818252178
0.13674807972211817
0.0886255294439996
-0.1395999807718191
-0.08354928546074525
0.14220779254510887
0.07840451007672032
-0.14456539511176508
-0.07314509424948436
0.14669025247283676
0.06784240708195995
-0.14863522504127288
-0.06242946373075903
0.15029487332179442
0.05688115089273025
-0.15183319408079884
-0.0512092523957222
0.15326879499677923
0.04553574849124945
-0.1543711311803372
-0.03985359112823776
0.15518613840509074
0.03412686518185373
-0.15583529252970396
-0.02842052723356074
0.15612931956909734
0.02271823503024918
-0.1562497191096009
-0.017059369893491272
0.1561792586404182
0.011603757670774609
-0.1558333285622194
-0.006329823143368155
0.1552950832366445
0.001160339398320926
-0.1547340874584531
0.003979456731430486
0.1540504839298614
-0.009174093266766548
-0.1530863994232551
0.014378592445125389
0.15198153067530923
-0.019562157493005022
-0.15069379314167208
0.02475177274260947
0.1492216112998292
-0.0297833089770239
-0.14767443677454095
0.034769560585918576
0.14605100540474605
-0.039744205029325026
-0.14429879683771535
0.04467035860362974
0.14226153169773365
-0.04946823167391093
-0.13998347556451374
0.05403546163233483
0.13760068524976077
-0.05849290655155571
-0.13500523496093755
0.06290401000035255
0.13232775309013936
-0.06715051672702113
-0.12968305151123233
0.0713970761149704
0.1269141372433641
-0.07557603473184682
-0.12407300934245298
0.07970161591857602
0.12108572196391831
-0.08374272469960665
-0.11799514277956266
0.087704677095719
0.11472232773495511
-0.09162257330882408
-0.11127684401495314
0.09540394880059169
0.10766600605166031
-0.09901290844636182
-0.103969281879163
0.10254525673474267
0.10021452022282194
-0.10581247190188126
-0.09633066231845933
0.10898630411384169
0.09219446124740076
-0.11200927331425088
-0.0879948588720131
0.11491053728864259
0.08373355101394786
-0.11776752166308968
-0.07943266208244737
0.12050770314753864
0.07494279181743685
-0.12328020621186067
-0.07038140832500141
0.12581256811238506
0.06580429432257248
-0.12819679120257493
-0.06114986387191871
0.13044522162171257
0.056406658556213705
-0.13241063346608486
-0.05151733668480579
0.1342582698262329
0.046544173700847326
-0.13581192262351988
-0.04154806629284582
0.13713077460537734
0.036711426772629625
-0.13831812523715173
-0.031736734272253785
0.13943856783465697
0.026666864663255265
-0.14041676148933782
-0.02165295757395162
0.14115695201982753
0.01662998430809369
-0.14173331953430957
-0.011625910263257098
0.14225160739032336
0.0066603014673995405
-0.14256407628691492
-0.001617984283273326
0.14266818185169622
-0.0034289939888772062
-0.1425584589238917
0.008503738187947304
0.1422153997700384
-0.013480546784690486
-0.1416516003979217
0.018248113862150132
0.14089809924325827
-0.022973377882260768
-0.14007534321406562
0.027691585517241882
0.13901434697664644
-0.03230653113384362
-0.1376711009353899
0.03692185589700411
0.1361778145585861
-0.04134659258087843
-0.13456281217202815
0.04570209790143842
0.13281816880784716
-0.050080520942823815
-0.1310352992010652
0.054599586452951716
0.12923910801826785
-0.05906623156304541
-0.127284600087085
0.06345083494765927
0.12524644145075478
-0.06778276916792564
-0.12315160182940933
0.07210032360605192
0.12095003890526305
-0.07633839123154208
-0.11859684607658384
0.08039415788888976
0.11602417336088765
-0.08432341198420626
-0.11325276837475622
0.08809396204453637
0.11034693511639072
-0.09175487268604698
-0.10732424207060572
0.09529485525291446
0.10415566734269541
-0.09873341743672455
-0.10068426403227342
0.1020876029320402
0.09706626146550339
-0.10536226201784427
-0.09333577411075487
0.1083833694460455
0.08955830816185398
-0.11126056690613093
-0.08568141098346325
0.11404210108710881
0.08173980469159642
-0.11651897895092345
-0.07775103570654437
0.1189137935305376
0.07356347436655719
-0.12108963579643228
-0.06935336797849262
0.123037271343535
0.06506433906193265
-0.12485920571798689
-0.060690097655339614
0.12668586349475078
0.05625138645357691
-0.12835034505450138
-0.05179242580076712
0.12997873319506983
0.047210073231266296
-0.13143094323645393
-0.04252808571275519
0.13260394160335107
0.03793895525962746
-0.13360347528192035
-0.03334751687601926
0.13430983650247968
0.028579421189768903
-0.1349114205528379
-0.02381429284750121
0.1353179351650053
0.019058343934881556
-0.13552783066642848
-0.01426311262541544
0.13561272834634702
0.009415687891713896
-0.13564223935593828
-0.00454614075014456
0.13557341860260902
-0.0002942516602915699
-0.1354797688757767
0.005222851863707666
0.1351109136529788
-0.010127077292959955
-0.134666229743118
0.015007937828664128
0.1340914525872603
-0.019836214350707985
-0.1333437441042123
0.02459396127004922
0.13253513564773983
-0.029365308061449186
-0.13166156923358432
0.03412610057948355
0.13062099478780412
-0.038738846868845656
-0.12945487430122185
0.04334077841155443
0.12805897597222965
-0.04789066956260242
-0.12641627836018005
0.05247423945281233
0.12456805343831476
-0.05686426273226554
-0.12248320020722427
0.061083658968697024
0.12025455385238881
-0.0652753551046316
-0.11783682459373505
0.06926548268993608
0.11528903921847579
-0.07318626224680931
-0.11254060249964933
0.07718601128821517
0.10973272249290042
-0.08106958010648535
-0.10682783467107256
0.08475879461981982
0.10381404456473223
-0.0883670634819278
-0.10063747891905801
0.0918475784803553
0.09735556904526872
-0.09513210725413386
-0.09388466513988629
0.09825009807738021
0.09031622691223729
-0.10132164152182564
-0.08675803696324964
0.10438923190824452
0.08308959043327477
-0.10738472102544792
-0.07925350614591406
0.11019540635567995
0.07535673978484754
-0.11282893131241385
-0.07135294023275421
0.11522627443162645
0.06739255959205868
-0.11752026576379974
-0.06329286016622165
0.11967691715914917
0.059143920518100926
-0.12175167203752704
-0.05496930037250743
0.12372646491327009
0.05075378972768185
-0.12556773422687648
-0.04644034818401016
0.12728364592385155
0.04198487580204554
-0.12882926772466285
-0.037529422847243164
0.13020751535990424
0.03299453379836899
-0.13141794045834657
-0.02848722655763299
0.13239299112898065
0.02388865575534411
-0.13311657695249818
-0.01936602072128214
0.13374422958033072
0.014753328509721456
-0.134156927539381
-0.01017986045426113
0.13442314072989694
0.005656315947314542
-0.1345996004652896
-0.0010271624600327112
0.13473976497516438
-0.003658469714442134
-0.134781474650304
0.008351088246730778
0.1346851304347144
-0.013093530391645937
-0.1344250370130016
0.01795194568866733
0.1339467397083997
-0.0227670334972981
-0.1331839258530855
0.027491162188699066
0.13231198463555016
-0.03219462537579421
-0.13139565886392257
0.0368146796455467
0.13016251575158264
-0.04146249877903267
-0.1287739379609079
0.04603041652789627
0.12721630363688147
-0.05050262082949705
-0.12546765261197365
0.05483205463344044
0.12359573325592835
-0.059182957901549475
-0.12152552283844692
0.06338946289445792
0.11930986151832582
-0.06767844982678946
-0.11688610773505166
0.07201558760508783
0.11434680314339202
-0.0763129108693509
-0.11154554257539175
0.08045818343339825
0.10858983673065092
-0.08441327637381696
-0.10540231273887055
0.08836199699845945
0.10200531350752395
-0.09217173744325034
-0.09843448125858308
0.09585132960689745
0.09483091492986011
-0.09942024156026985
-0.09127402695208794
0.10289677526946042
0.08768096903166286
-0.10629307186513325
-0.08399473884471084
0.10946517489820913
0.08013805397245359
-0.11239393960708749
-0.07621626116686177
0.11523740884913107
0.07227391152016349
-0.11794201805123807
-0.06836609854281908
0.1205804136321008
0.06432533357628388
-0.12303892339054082
-0.06014891557229341
0.1252968634594952
0.05592839069239144
-0.12722667442025937
-0.05156937588447143
0.12906409156714044
0.04719118892239186
-0.13074136529145583
-0.04275202676820481
0.13231729271755796
0.0382437808786158
-0.13382701026087682
-0.033689761524291366
0.13527034239316035
0.029076051802598143
-0.1365263170430634
-0.024364562514893835
0.1376404107089215
0.019581494999371646
-0.13855178751387345
-0.014812848174642219
0.13920414213276158
0.01008047608701913
-0.13961050320402948
-0.005396928182173999
0.13977783866154614
0.0008077761145889201
-0.1397528039603498
0.0037448347378710375
0.13959386163172044
-0.008296425985917582
-0.13930333856408653
0.012740268696994034
0.1389256073661081
-0.017204110924070787
-0.13840017842406654
0.021586867845891075
0.13778643309177127
-0.02594365668280836
-0.13704618322090759
0.030190241418884763
0.1361434764409731
-0.03445347431048535
-0.1350431506969248
0.038790760000809804
0.13370178298493052
-0.043083214799059535
-0.1321716710083018
0.04731074290703852
0.13058070165479424
-0.05149672919849846
-0.12888648100357816
0.055665339718140104
0.12699292976412793
-0.059823828659657394
-0.12505129861017542
0.06406149036957423
0.12300226956244041
-0.06832839909437517
-0.12076928122705535
0.07256532953204681
0.11829812974319354
-0.07679257962630344
-0.11567708706320638
0.08103243963871304
0.1128839640698222
-0.08511205537631016
-0.10985751299089717
0.08903503077880331
0.10665265081126753
-0.09290721479566247
-0.10328665347866686
0.09661394862265402
0.09975783354096618
-0.10025730048662977
-0.09610163489227565
0.10373115843024677
0.09238846354589629
-0.1070166612535554
-0.0885147733703112
0.11023851098435136
0.08449191121132116
-0.11326076027473435
-0.08038336952838891
0.11610695383062136
0.07624749921705024
-0.11885902993470354
-0.07205563261997563
0.12148110244352493
0.0678835347168918
-0.12397754552499361
-0.06369302408988285
0.12631895178847924
0.059282933709597446
-0.12853757887740858
-0.0546931088663578
0.1305407353131609
0.049935768169627144
-0.13223071439210074
-0.04509768303010664
0.13362676844241225
0.040215636015149527
-0.13475154808671347
-0.035311357758727284
0.13579181945641866
0.030366811400097875
-0.1366326796446037
-0.02545020383005823
0.137307375172551
0.020441490403956677
-0.1377175927924155
-0.015418717720234586
0.13802395961640088
0.010366046883302556
-0.1381706087579908
-0.005450297002470658
0.13813251345595748
0.0005365518774683443
-0.13779178966525849
0.0041699901356238795
0.13722683346057304
-0.008886929051630722
-0.136542069343987
0.013641017416890411
0.13570359556414763
-0.018358007629421497
-0.13474323931914983
0.023143435014118186
0.13367873133121486
-0.028018980265568247
-0.1324937049020501
0.03285744865122785
0.131112069842654
-0.03774941342292855
-0.12963186808317842
0.04263990560478097
0.12809088688545356
-0.04739667303900355
-0.12640213648439697
0.0520374082701453
0.12446867576562953
-0.05660282476992235
-0.12227721536991647
0.06107450543722225
0.11982222527422082
-0.06542531887904686
-0.11728795890688819
0.06951587485757989
0.11463379108010621
-0.07356163442565221
-0.11182542983374066
0.0775659718259309
0.10882481565969554
-0.08149324794256643
-0.10574884850133527
0.08523724139554635
0.10241616847432371
-0.0888707958724135
-0.09892748418839226
0.09228647385169578
0.09537754513811143
-0.09564575677596042
-0.09173967147525545
0.09885474453696164
0.08795513948152922
-0.1019125588109495
-0.08408424419273931
0.1048612831387109
0.08021741469751852
-0.10772140330730307
-0.07631049152567247
0.11042401285998986
0.07242525207648262
-0.11293644650959948
-0.06839424234267072
0.11525218152297999
0.06417413384565886
-0.11729765894879593
-0.059921035406422525
0.11914862404389484
0.05558441044888053
-0.12080458423766091
-0.05125160510705601
0.12224562346378531
0.046747798856116414
-0.12355875124363368
-0.042214833674388774
0.12477348266393104
0.037639392695305036
-0.1259854432349477
-0.033051224892380056
0.12709871692665015
0.028444861153694965
-0.12809468323041964
-0.02370434605492463
0.12882665065034185
0.01883027123915129
-0.12923855939400197
-0.01395073910285731
0.1293871984945593
0.009126154611619848
-0.1292924979420528
-0.004378076356697784
0.12902218797379825
-0.0003240662619204646
-0.1286085004897864
0.004911069781260601
0.12818143196333645
-0.00943712733412355
-0.12778264745045093
0.013907321708427829
0.1272059597478888
-0.01836437714478818
-0.12638111210007172
0.022875325037739203
0.12534580815486457
-0.02731613990288449
-0.12406267072804299
0.03181360633811911
0.12263267541095632
-0.03629553441001156
-0.12099602114946345
0.040835109095493226
0.11931954341127739
-0.045389561025328005
-0.11758227681414325
0.049840885965791525
0.1156229726145106
-0.05412303120636355
-0.11351020773516966
0.058310353074158605
0.1111814850813197
-0.06244317408636045
-0.10863195908743994
0.0663744631874647
0.10605114450045278
-0.07016428907526108
-0.10354093283886577
0.07369700652969552
0.1010182035148491
-0.07697004272962465
-0.09837381670777498
0.08021460918595948
0.09554000000260689
-0.08335042169555329
-0.09245158997044298
0.08636696308959427
0.08913229599362531
-0.0893748784337925
-0.08560168154971298
0.09233972829818005
0.08187174146960557
-0.09522570305186326
-0.07799980814352458
0.09792145081910042
0.07427254648439376
-0.10062327933572772
-0.0705473390779551
0.1030578599514717
0.06666538985946943
-0.1053223949954227
-0.06258277138072492
0.10735386252226378
0.05828416760756175
-0.10927824973274795
-0.05374583967423151
0.11113214700750759
0.049123429759230224
-0.11272002471151174
-0.04459487751167303
0.11410342255096569
0.04000584006484005
-0.11530960954596241
-0.03538704968270628
0.1163454494025142
0.030756389321656086
-0.11708739870351967
-0.02619453537012655
0.11756443693766871
0.021684035883148486
-0.11798042845103572
-0.0172018747043053
0.11826633807387261
0.012765063781970261
-0.11829000700896157
-0.00844627145964412
0.11823591716033649
0.004202687886056262
-0.118213588649288
5.9607493453951556e-05
0.1179863062479562
-0.004442504702787459
-0.11761592814520959
0.008904762787656917
0.1171199503887735
-0.013396936539217244
-0.11637885680906496
0.01775135857822984
0.11530206729686131
-0.021993150469710305
-0.11398114139148491
0.026161308091689872
0.1124178438292972
-0.03022006169475426
-0.11081661614623826
0.034200741011711
0.10903387441365346
-0.03805969089066196
-0.10698662000673315
0.04164169651805346
0.10482056511008886
-0.045009826664331905
-0.1026392115996596
0.048202072497837825
0.10040720047878682
-0.05137572931622474
-0.09806366154838936
0.054540806182660634
0.09576095199059013
-0.057538483258448576
-0.09338179035920209
0.060539298927843925
0.09085544079621738
-0.06341803536496621
-0.08813520796747291
0.06613243461275999
0.08534190636505032
-0.06866313760218128
-0.08247410942000713
0.0711779067720972
0.07936939450575779
-0.07354948796320587
-0.07629648586480808
0.07564553770099498
0.0731961759001364
-0.07756940144069271
-0.07005005968582816
0.079278779072567
0.06677802277102782
-0.08072365970186482
-0.06353977085863523
0.08202517959448512
0.06020463844478048
-0.08330971289681816
-0.05679072898105092
0.08452140273016173
0.05340716866545376
-0.08569264127835427
-0.050085920691975656
0.08678746264138634
0.04671378535058797
-0.0878057468715954
-0.043304377437922884
0.08867912542009763
0.03989285803273811
-0.08935987204857003
-0.03637521987727091
0.08992212184356128
0.03283073364943212
-0.09045504724803238
-0.02928980292656567
0.09096855572263748
0.025829665498866068
-0.09135417225546032
-0.022446737566347807
0.09156488834259227
0.019064553394616872
-0.09156609693534384
-0.015745921603796943
0.09156204782027359
0.012405851148222732
-0.091514912264586
-0.0091254870501546
0.0913821545534929
0.006023712083821032
-0.09129791088692465
-0.00284962574240476
0.09119009103943745
-0.00022302340946209017
-0.09119616133827996
0.0032576542695479343
0.09110389160017812
-0.0063585802070901115
-0.09084764450287108
0.009321551735166734
0.09039711278406208
-0.012184012536531695
-0.08967292362223368
0.015067672716329505
0.08875694058061924
-0.01802501760381685
-0.0878191379302746
0.020935322375067636
0.08679397243052668
-0.023765837508610367
-0.08558525457120483
0.026531216991291812
0.08421370292478515
-0.029325314910074764
-0.08287352653386099
0.032059104652642265
0.08154883018716315
-0.03476069997072187
-0.08025456777076198
0.03733534270495777
0.07888497086335167
-0.039797272517155376
-0.07743138183014814
0.04219061158802762
0.07583143949278857
-0.044427232273624266
-0.07421903680124663
0.04659836264981736
0.07265531418156791
-0.048687369492175676
-0.07096009496133358
0.05069780279655818
0.06926483174688236
-0.05260354308673564
-0.0674886809006272
0.05455590396841504
0.06552875551079554
-0.05650331844918874
-0.06358599880330876
0.05845519102466039
0.061658422769708496
-0.060315990438286594
-0.0597132680061806
0.061951369009850786
0.0576054052869441
-0.0635924042713056
-0.05536680528433585
0.06497152101926884
0.05307013486851273
-0.0663971001984035
-0.05074611238430224
0.06778134978422534
0.04836499211082043
-0.06911062340168322
-0.04581794394937767
0.07038281694632344
0.04320563838930418
-0.07168435350476486
-0.04062560022602368
0.07305529829913611
0.038091646446519835
-0.07431568925301626
-0.035463775784632307
0.0753759011800076
0.03278768711294113
-0.0762051363414418
-0.030207162984184296
0.07686959323908608
0.027538294232619474
-0.07741842289570343
-0.024852476726240164
0.07791567800939536
0.022141439021326443
-0.07831427208975218
-0.01942792853446353
0.07855916774803268
0.01680192548484511
-0.07881252823546295
-0.014190581405769804
0.07896105678225337
0.01158292625509456
-0.07910664420254027
-0.008889936441351814
0.07913779138201127
0.006117011788237678
-0.07912654064103859
-0.00323126540839106
0.0789582359772187
0.00040074468087526673
-0.07861195569992975
0.0024142397413149407
0.07813931257685894
-0.005238277646282412
-0.07750787305806399
0.008072297299559873
0.0767773283501042
-0.01085746910670063
-0.07600688618231863
0.013592680725471378
0.07515209287804327
-0.016312008458825147
-0.07422722237451945
0.018941575195748385
0.0731675227196124
-0.021592918552668768
-0.07207253824001997
0.024223102540081868
0.07086336688419155
-0.026789515975518745
-0.06956222986612663
0.02938261771508909
0.06814122113752492
-0.031802833071914664
-0.06675593478583873
0.034056110453788105
0.06536177493413096
-0.036268218113952894
-0.06384976095774365
0.03844771342639817
0.062387614665171
-0.040708921451937996
-0.06071278961604845
0.04296590532742922
0.059004274321661554
-0.04504803809929391
-0.057193490244645165
0.04694348391926904
0.055413016864187
-0.048756938027091606
-0.053595878839019256
0.050432482029255724
0.051625485982369726
-0.052112464543287745
-0.04970699581494218
0.05369345029297759
0.047854083939181516
-0.055374495996542435
-0.04596036048773206
0.05703673856124331
0.044035924823200956
-0.0586368278525154
-0.04208561008547761
0.06008181603266028
0.04007546830745739
-0.06147169533026393
-0.038046066398846966
0.06279611506281771
0.03599370813085618
-0.06400405026342249
-0.03388314160991245
0.06509804477203132
0.03178553498685908
-0.06607223202074622
-0.029656705129737237
0.06684918881506374
0.027444447324125924
-0.06743409286945655
-0.025182798157787706
0.06786941069092987
0.022957986967393314
-0.0680186240327201
-0.020702807847423187
0.0681682915492943
0.01850202174019355
-0.0683131424724222
-0.016287600820242464
0.06846408735731592
0.014041603252880579
-0.06856554602067233
-0.01168586369302829
0.06859993022690615
0.009423076884355862
-0.06862592081862462
-0.0071146201056230115
0.06856865542849076
0.0047931098448960145
-0.06849753085464186
-0.0024937031718593
0.06845532448361584
0.00029214526430855004
-0.06833019507719865
0.001950969888034595
0.06807991847507858
-0.0042674937155045
-0.06779736244924102
0.006456285260572111
0.06740557344714057
-0.00867074389560446
-0.06696523643252986
0.011017605742803652
0.06640518204027877
-0.013256516756798726
-0.06573754926527968
0.015450698201986336
0.06511837168172195
-0.017661380323902992
-0.06442131538102588
0.019812989967427776
0.06352788547207344
-0.022054026323282447
-0.06260858163086618
0.02437780708498484
0.06150675856035036
-0.026532075295784795
-0.060181638717018614
0.028499995910476535
0.05887819370078162
-0.03043641866842061
-0.057569075603993276
0.0322940563382623
0.05633859164530449
-0.034091870869267016
-0.055137032106271536
0.03577018262812684
0.053949050013458136
-0.03748073210472161
-0.05269319516292053
0.03918248732477297
0.05140062840038622
-0.040780613358956885
-0.05004889509907545
0.042334870341914646
0.04858466634082582
-0.04385210548232431
-0.047012064841516675
0.04528563834025072
0.04540856837076969
-0.046734120454688714
-0.04379419356130067
0.048115660096718124
0.04203112126314972
-0.04938524598712678
-0.04017914851173252
0.050566164902781055
0.03825990592826977
-0.05164270550529992
-0.036259134783689626
0.05276341613553121
0.0343032826761344
-0.05377819517153235
-0.03236987122196301
0.05465823749441693
0.03043641843131716
-0.0554297655974243
-0.0284020205249658
0.05614057991131029
0.026462481326794116
-0.056769369045180526
-0.024561287759262102
0.05735895451597726
0.022658480403690392
-0.05787334186380053
-0.020705642494806803
0.05834967909685876
0.018758020647748588
-0.05882342729049455
-0.016723094632411263
0.05924769479852608
0.01471091799050265
-0.05967283856496276
-0.012715873471272638
0.060067636855348536
0.010844832321888436
-0.06043240513949026
-0.008886479116789796
0.06070706323058557
0.006893027384432073
-0.060819870646791584
-0.004891586489227929
0.060912769840331664
0.0029575042458841122
-0.06103032005995933
-0.0009156904495971445
0.06120325239625178
-0.0010718515351070231
-0.06123699230307926
0.0031926082433484672
0.06124802739263452
-0.0053742844967985285
-0.06126386612409321
0.007573955943600387
0.06119841016984224
-0.009668033093169255
-0.061073375348826585
0.011742231184998661
0.06088159059075881
-0.013833098229136582
-0.06062775931183625
0.015919800049670637
0.0602534530954603
-0.017913245534711818
-0.059640447602451845
0.01989807586544292
0.05888070597486644
-0.02182595037209997
-0.057915581939444676
0.023640676097317015
0.05681619886538693
-0.02518568785837564
-0.05574484366661069
0.026805115001403066
0.05460738006027945
-0.028342964963260574
-0.053447315451119755
0.029869419387050546
0.05220862173571176
-0.03144899105432881
-0.05092726475664704
0.03304180285048449
0.04965260114706574
-0.03459952590791872
-0.04829750168930074
0.03610230347023067
0.046901758331574284
-0.03762519723165927
-0.045430835271096724
0.0390765830771256
0.04387055130250336
-0.04045506328678939
-0.042267803885561006
0.04177572979422564
0.0405653330372021
-0.042906044283177694
-0.03890463364176838
0.04410701646066518
0.03723895948538832
-0.04523059473345671
-0.03561286373186928
0.046255265488051436
0.033933245138189023
-0.047302146130927696
-0.03221971927165986
0.04833642728087495
0.030504956140899025
-0.04939064681286005
-0.02881439978817246
0.05040521159480227
0.027068740813939073
-0.0514547618374848
-0.025335832254669545
0.05237700723695288
0.023624378458904742
-0.05327781481692569
-0.021771556834347585
0.05401813548046107
0.019917951853408958
-0.05474140418139625
-0.01800115688209127
0.05539023533197989
0.01587046323534392
-0.05592929906971264
-0.013647983545716258
0.056379780750591926
0.011400343993334025
-0.056847375849583145
-0.009178728615779544
0.05726095798136212
0.0068702021912109175
-0.057612936308579214
-0.004572802910729418
0.05791728261195848
0.0022165382887330675
-0.058062764448836034
0.00010395668357985844
0.058032488927956594
-0.0023659683460734663
-0.05791039932436675
0.004552816979492157
0.05778536472251116
-0.006832364075497019
-0.05752459542676187
0.009007464052836676
0.05714574593752548
-0.011188182290648547
-0.05648557810146632
0.013349710189055921
0.05571432411074348
-0.015594155331130191
-0.05492551690592601
0.017730435556393708
0.05409426027719094
-0.019951624193497573
-0.05312705705131457
0.022205033701173413
0.052025177302325754
-0.024384784766719465
-0.05098951877335757
0.026496786514394657
0.049746753172396053
-0.02847444431952634
-0.048481026355143716
0.030275349743108533
0.04726604145770412
-0.03191126470694528
-0.04610390713392678
0.03350145783390894
0.04495736174751702
-0.03514387338083542
-0.04377322042589627
0.03679748665366855
0.04244020578252556
-0.03844318103231447
-0.04098537508736583
0.039976475837224926
0.039332195496018185
-0.04134684512054788
-0.03770603332029542
0.04269415641663542
0.035980200653919436
-0.04376434412296212
-0.03413021142517937
0.04476041245538915
0.03225098601649819
-0.04572665097732753
-0.030399113077804768
0.0465813012408443
0.028599681422991838
-0.04752982756503533
-0.026881292038965422
0.048395535177271284
0.025081126125388768
-0.049161951037486114
-0.02314829185447018
0.04967126077673621
0.021171988954523595
-0.050223024290155786
-0.01920700905470064
0.05061758201586607
0.01741101725564008
-0.0509960296771023
-0.015603839437149679
0.05133024956326368
0.01378861311459076
-0.051619327017973046
-0.011930080494866269
0.05188782478517914
0.010078580988348499
-0.052089387829237783
-0.0082450708688003
0.05229380305904837
0.00642246507839877
-0.052309875452663704
-0.004734822856202147
0.052212022717863085
0.003029520316263339
-0.05198860001943232
-0.001462971270585378
0.051691845592665056
-0.0001352723125406049
-0.051317276007631
0.0016494763298793252
0.05086504404994608
-0.00299753868368792
-0.050298210070951206
0.0042168734725278245
0.04966490153768182
-0.005436162819401924
-0.04898165443614919
0.006595589060644953
0.04849590536298197
-0.00767739870792361
-0.048086156401943934
0.008764541352448394
0.04766544115149642
-0.00995068032720228
-0.047250686754071
0.011163023856502105
0.046770304239199714
-0.012406647874930465
-0.046240683562245276
0.013641016492104778
0.04557389577049394
-0.014787469528932028
-0.04477505361349929
0.01597181645703342
0.04385678835415283
-0.017135625400738246
-0.04289532302959274
0.018347030859831765
0.04203776850570574
-0.019466807549343334
-0.04119150767447821
0.020472238624107367
0.040275669672684734
-0.021521805233632584
-0.03932230258610732
0.02263352634014989
0.038328892663833776
-0.023842498444608198
-0.03729718885424727
0.024950696616954336
0.036148564204922885
-0.025960082909997014
-0.034784967149993774
0.026944175555592496
0.03338621226672273
-0.02788267214203324
-0.03196683094106606
0.02879909409302403
0.03062631016465985
-0.029849132107725003
-0.02923041732033249
0.03091435786832305
0.027717663569145647
-0.031970107550577484
-0.02623787081346577
0.03294511648599228
0.02479961109102562
-0.033940804617708493
-0.023378445568880662
0.03486792083608195
0.021844535548333925
-0.03572110081739418
-0.020255538889443855
0.036570992263107865
0.01868762749385684
-0.03732423717948839
-0.017008701914786394
0.03803810561038474
0.015262559190182334
-0.038591116373494536
-0.013504538696710125
0.039008047210181675
0.01172014924911677
-0.03946213880815803
-0.01005282305309088
0.03982376878150341
0.00857492473879746
-0.040130396239488365
-0.007116066053743234
0.04039522141370401
0.005732384609073336
-0.040546000171530525
-0.004568234432619608
0.04063470531689845
0.003408018291139759
-0.04076976207611992
-0.0022090853548056293
0.04078501839965361
0.0009713874751531298
-0.04061494216176351
0.000288071149783053
0.04043963640219451
-0.0014640614367691911
-0.04027612867985765
0.0025598314338119354
0.04033258333956035
-0.0035799492090607898
-0.040608618117986064
0.004612843107013382
0.04082991470820409
-0.005645610367588285
-0.04093865124498678
0.006628417669114153
0.041117186217812254
-0.007563411910892831
-0.04131225842012544
0.008478189899032748
0.041564173767983395
-0.009336043818314618
-0.04167936898693486
0.010174953404782227
0.041787598527471374
-0.011121482586630767
-0.04180138813765388
0.012108205792720554
0.041813930786658585
-0.013140814115492266
-0.0417629938807417
0.014140171617807324
0.04167767209159262
-0.01507310759182431
-0.0414427271343353
0.01602751555274417
0.04103691835446955
-0.016959123187213477
-0.040523198687190516
0.017747114618637393
0.039953621650591235
-0.018460023509703355
-0.03937141080909403
0.019227292659447188
0.038832197441829336
-0.019876470063912192
-0.03826927871072413
0.020668771395631048
0.03777623751672308
-0.021427906297817056
-0.037308903246187755
0.022341956927774007
0.036858859237680404
-0.023383685446736968
-0.036261373376123104
0.024411801136745015
0.035578001762603007
-0.025438330053294194
-0.03480530246652983
0.026467171388686244
0.03395214084686731
-0.027525651300729755
-0.033092853719375294
0.02852060476779701
0.032149339468883334
-0.029455059597742687
-0.03108781257456834
0.030377048225521994
