0.0	1.0
0.001	0.9999825007671598
0.002	0.9999318352067502
0.003	0.999848522829393
0.004	0.9997346175826518
0.005	0.9995890917718347
0.006	0.9994126144614273
0.007	0.9992088696935746
0.008	0.9989747169723165
0.009000000000000001	0.9987128665929993
0.01	0.9984235761561777
0.011	0.9981066944304829
0.012	0.9977727629145691
0.013000000000000001	0.9974127174386024
0.014	0.997031311881159
0.015	0.9966229914779194
0.016	0.9961933857000828
0.017	0.9957386993434028
0.018000000000000002	0.9952568873316198
0.019	0.9947534075961973
0.02	0.9942276965711886
0.021	0.993689156214224
0.022	0.9931252885300148
0.023	0.9925384402997205
0.024	0.9919280930073143
0.025	0.991292075494826
0.026000000000000002	0.9906403747384543
0.027	0.9899741488657025
0.028	0.989285362080535
0.029	0.9885823726333195
0.03	0.9878654314403513
0.031	0.987130700875937
0.032	0.9863839442518868
0.033	0.9856282394247617
0.034	0.9848632486297909
0.035	0.9840923767620915
0.036000000000000004	0.9833092287545508
0.037	0.9825359077786576
0.038	0.9817719458716302
0.039	0.980995946302863
0.04	0.9802104089218945
0.041	0.9794039980285276
0.042	0.9786004339602625
0.043000000000000003	0.9777873442891987
0.044	0.9769789843535708
0.045	0.9761661938073755
0.046	0.9753362471687456
0.047	0.974471119421183
0.048	0.9735887595205028
0.049	0.9727039065679134
0.05	0.9718197542924027
0.051000000000000004	0.9709140771419701
0.052000000000000005	0.9699843662939659
0.053	0.9690562783383632
0.054	0.9681292322591972
0.055	0.9671973703867263
0.056	0.9662579596944599
0.057	0.9653059021249026
0.058	0.9643315871372659
0.059000000000000004	0.9633552871351108
0.06	0.9623701645654872
0.061	0.9613850641354663
0.062	0.9603873132115632
0.063	0.9593652694912845
0.064	0.9583371556978755
0.065	0.9573257415422008
0.066	0.956283589415743
0.067	0.9552286212548827
0.068	0.954176946375969
0.069	0.9531233207985671
0.07	0.952073015135267
0.07100000000000001	0.9510153018024228
0.07200000000000001	0.9499537813001525
0.073	0.9488649590073639
0.074	0.9477837646511128
0.075	0.9467113458763032
0.076	0.9456617663153402
0.077	0.9445956134202664
0.078	0.9435424361390894
0.079	0.9424770741271986
0.08	0.9414454811503085
0.081	0.940411797942011
0.082	0.93942780395623
0.083	0.9384428626045975
0.084	0.9374657374432799
0.085	0.9364802135072845
0.08600000000000001	0.935510938096002
0.08700000000000001	0.9345275586875236
0.088	0.9335536983888442
0.089	0.9325582326714842
0.09	0.9315907565674754
0.091	0.9306292533616426
0.092	0.9296940423571846
0.093	0.9287414484345682
0.094	0.9278195780480109
0.095	0.9268920601767001
0.096	0.9259512013864982
0.097	0.9249858773345367
0.098	0.9240165904226604
0.099	0.9230540291057671
0.1	0.9220285542940113
0.101	0.921011357101347
0.10200000000000001	0.9200161746511413
0.10300000000000001	0.9190079468317608
0.10400000000000001	0.9179811743022624
0.105	0.9169641066769841
0.106	0.9159512445973543
0.107	0.9149234328042022
0.108	0.9139068847766755
0.109	0.912879879375465
0.11	0.9118688154234184
0.111	0.910842519588959
0.112	0.9098308524635427
0.113	0.9088220312609335
0.114	0.9078124166540906
0.115	0.9067954447399641
0.116	0.9058007470436819
0.117	0.9047501966692442
0.11800000000000001	0.9037022238381738
0.11900000000000001	0.90268752695972
0.12	0.9017100557296267
0.121	0.9007127334708225
0.122	0.8997064290200741
0.123	0.8987034697508354
0.124	0.8977006039340055
0.125	0.8966960567647152
0.126	0.8956976042154782
0.127	0.8946836235518978
0.128	0.8936415916787352
0.129	0.892592311290421
0.13	0.8915053124311766
0.131	0.8904560353763032
0.132	0.8893873226572517
0.133	0.88834810282916
0.134	0.8873252176291468
0.135	0.8862964885793707
0.136	0.8852775470657382
0.137	0.8842755422949953
0.138	0.8832893942662302
0.139	0.8822884159084959
0.14	0.8812677697591945
0.14100000000000001	0.8802442543055007
0.14200000000000002	0.8792312442205532
0.14300000000000002	0.8782538761466546
0.14400000000000002	0.877277713491242
0.145	0.8762523119225943
0.146	0.8752498058721723
0.147	0.8742704871869499
0.148	0.8732891230444039
0.149	0.8723314736993958
0.15	0.8713755210141025
0.151	0.8704425130716281
0.152	0.8695267374811178
0.153	0.8685925032372476
0.154	0.8676920195543232
0.155	0.8667616377190015
0.156	0.8658455241016163
0.157	0.8649523866603912
0.158	0.8640617189996801
0.159	0.8631675240901395
0.16	0.8622964079040143
0.161	0.8614226639390601
0.162	0.8605962276623155
0.163	0.859742109531745
0.164	0.858859465897337
0.165	0.8579628184879338
0.166	0.8570549333397764
0.167	0.8561591881224354
0.168	0.855240441375742
0.169	0.854307197037791
0.17	0.8533686548308484
0.171	0.852450450181802
0.17200000000000001	0.851522167627125
0.17300000000000001	0.8505736421784496
0.17400000000000002	0.8496026259436859
0.17500000000000002	0.8485822146941174
0.176	0.8475615827511693
0.177	0.8465341057244948
0.178	0.8454765487899769
0.179	0.8444037967642498
0.18	0.843304511373713
0.181	0.8421715759596747
0.182	0.8410478949159049
0.183	0.8399559017010121
0.184	0.8388724749137766
0.185	0.8377677754769429
0.186	0.8366764638820411
0.187	0.8356364141431704
0.188	0.8345536510150535
0.189	0.8334948489995991
0.19	0.832426567037865
0.191	0.8313445102139873
0.192	0.8303040106309538
0.193	0.8292801500779674
0.194	0.8282735540389468
0.195	0.8272364735001749
0.196	0.8261986471043986
0.197	0.8251603276568982
0.198	0.8241033870625358
0.199	0.823042752465106
0.2	0.8219772383933662
0.201	0.820924258012843
0.202	0.8198690494514139
0.203	0.8187973794056982
0.20400000000000001	0.8177460186023963
0.20500000000000002	0.8166550382879278
0.20600000000000002	0.8156014269216983
0.20700000000000002	0.8145360406567702
0.20800000000000002	0.8134989882333024
0.209	0.8125094067191525
0.21	0.8115171811254203
0.211	0.8104887277146654
0.212	0.8094472200194425
0.213	0.8083734622893387
0.214	0.807323363932627
0.215	0.8062711019829939
0.216	0.8052166913489529
0.217	0.8041513217993278
0.218	0.8030577376175528
0.219	0.80199940687922
0.22	0.8009532846269631
0.221	0.7999524303327851
0.222	0.7989366377884465
0.223	0.7978549719368793
0.224	0.7967883119405463
0.225	0.795679131077228
0.226	0.7945755524135923
0.227	0.7934933509781531
0.228	0.7924117398786328
0.229	0.7913162423914565
0.23	0.7901924888465905
0.231	0.7891025621966316
0.232	0.7880428320423531
0.233	0.7870139549640012
0.234	0.7859647351752966
0.23500000000000001	0.78489972864687
0.23600000000000002	0.78385352755529
0.23700000000000002	0.7827487519143009
0.23800000000000002	0.7816850563084242
0.23900000000000002	0.7806559689761564
0.24	0.7796312825638325
0.241	0.7786349008712259
0.242	0.7776259654366724
0.243	0.776582567703782
0.244	0.7755472408431419
0.245	0.7745468168230463
0.246	0.7735430628863288
0.247	0.7725390704393925
0.248	0.771529368336727
0.249	0.7705338076713326
0.25	0.7695376311958789
0.251	0.7685448754671157
0.252	0.7676005237324147
0.253	0.7666528210900039
0.254	0.7657033088300556
0.255	0.7647452903215965
0.256	0.7637775858346163
0.257	0.7628395231589369
0.258	0.7619507684845098
0.259	0.7611107789159126
0.26	0.7602826788387921
0.261	0.7594256714217652
0.262	0.7586035541258539
0.263	0.7577595304918859
0.264	0.7569165265009947
0.265	0.7560947836544578
0.266	0.755308033656798
0.267	0.7544784192680519
0.268	0.7536342349092469
0.269	0.7527911580563237
0.27	0.7518768930724492
0.271	0.7509330739354133
0.272	0.7499887179723057
0.273	0.7490228811939909
0.274	0.7480074318852585
0.275	0.7469933742484751
0.276	0.7459223605310346
0.277	0.7448106149410657
0.278	0.7437054789994404
0.279	0.7425981927483553
0.28	0.7415087331899741
0.281	0.7404095625060942
0.28200000000000003	0.7393309911162251
0.28300000000000003	0.7383008169866457
0.28400000000000003	0.7372880183932016
0.28500000000000003	0.7362562003969144
0.28600000000000003	0.7351965792609249
0.28700000000000003	0.7341827807618382
0.28800000000000003	0.7331330898166076
0.289	0.732057274439428
0.29	0.7309728019006506
0.291	0.7298884874514707
0.292	0.7287965590310806
0.293	0.72767883022438
0.294	0.7265830241311789
0.295	0.7254841968891373
0.296	0.7243852473114812
0.297	0.7232593599061936
0.298	0.7221542981653049
0.299	0.7210896921911243
0.3	0.7200126332045517
0.301	0.7189327542085465
0.302	0.7178814540668796
0.303	0.7168151572817234
0.304	0.7157446131544867
0.305	0.714679317404855
0.306	0.7136135896053506
0.307	0.7125934585986258
0.308	0.7115735942896712
0.309	0.7105680063218648
0.31	0.7095589267305019
0.311	0.7085584859457841
0.312	0.7075840410670621
0.313	0.7066217808509114
0.314	0.7056617206838923
0.315	0.7047219636760508
0.316	0.7037777636651135
0.317	0.7028327293785241
0.318	0.7018869233078724
0.319	0.7009395436934418
0.32	0.7000141588018708
0.321	0.6990669569665175
0.322	0.6981259826457071
0.323	0.6971731130817053
0.324	0.6962021883391124
0.325	0.6952203656469563
0.326	0.6942307940556512
0.327	0.6932658451651471
0.328	0.6923165619532314
0.329	0.6913567543004681
0.33	0.6904321065137516
0.331	0.689506901210094
0.332	0.6885764259780266
0.333	0.6877070229554066
0.334	0.6868835337648631
0.335	0.6860990769530463
0.336	0.6853096448235992
0.337	0.6845391011743022
0.338	0.6837983660084103
0.339	0.6831046246410046
0.34	0.6824376420314348
0.341	0.681763975238714
0.342	0.6810832295448475
0.343	0.6804368295219044
0.34400000000000003	0.6797211515738822
0.34500000000000003	0.679004452916314
0.34600000000000003	0.6782718153821032
0.34700000000000003	0.6775332792882901
0.34800000000000003	0.6767908309477212
0.34900000000000003	0.6760396828991597
0.35000000000000003	0.6751897920149025
0.35100000000000003	0.6743900841780986
0.352	0.6735882626705136
0.353	0.6728037105508756
0.354	0.6719968965934489
0.355	0.6711413389743295
0.356	0.6702964798503943
0.357	0.669389798512101
0.358	0.6684783919038686
0.359	0.6675513555931879
0.36	0.6666342622689215
0.361	0.6657582473776225
0.362	0.6648650933552995
0.363	0.6639635768208867
0.364	0.663022814199965
0.365	0.6621207404449818
0.366	0.6612782418631508
0.367	0.6603864547351057
0.368	0.6594925820845405
0.369	0.6586546330940309
0.37	0.657825278981709
0.371	0.6569736034689574
0.372	0.6560987787841921
0.373	0.6552422479330933
0.374	0.6543871634729209
0.375	0.6535233687216349
0.376	0.6526727467227484
0.377	0.6517938426980328
0.378	0.6509767539927998
0.379	0.6501918012257154
0.38	0.6494319351174963
0.381	0.6486816416664477
0.382	0.6479135758033162
0.383	0.6471058823512283
0.384	0.6462702069142927
0.385	0.6453820904572498
0.386	0.6444952935723368
0.387	0.6436296368067372
0.388	0.6427249739577896
0.389	0.6418980365978195
0.39	0.64108470817219
0.391	0.6403116448476561
0.392	0.6395718493888403
0.393	0.638819971530939
0.394	0.6380960692277716
0.395	0.6373852027989796
0.396	0.6367123697455016
0.397	0.6360281193876789
0.398	0.635299606961773
0.399	0.6345945047840744
0.4	0.6338924322472073
0.401	0.6331936102180806
0.402	0.63245944345076
0.403	0.6317060734135902
0.404	0.6309754908385675
0.405	0.6302329801139461
0.406	0.629482140379237
0.40700000000000003	0.6287814181340268
0.40800000000000003	0.6281131982043952
0.40900000000000003	0.6275071680911004
0.41000000000000003	0.6269016461402342
0.41100000000000003	0.6263089880984303
0.41200000000000003	0.6257256733934764
0.41300000000000003	0.6251558837198
0.41400000000000003	0.6246086073684485
0.41500000000000004	0.6240410877104701
0.41600000000000004	0.6234247874600497
0.417	0.6227784949301256
0.418	0.622113671760914
0.419	0.6214619537667793
0.42	0.620787942184922
0.421	0.6200949556694622
0.422	0.6194360688698456
0.423	0.6188116290324506
0.424	0.6181906169619814
0.425	0.6175584479483638
0.426	0.6169511028816131
0.427	0.6163326632750463
0.428	0.6156873809398
0.429	0.6150198655921616
0.43	0.6143740621387009
0.431	0.6137426038765513
0.432	0.6131336345378052
0.433	0.6125220577784981
0.434	0.6119162008042826
0.435	0.6113002364828749
0.436	0.6106873760043111
0.437	0.6100371991423137
0.438	0.6094000452026088
0.439	0.6087487496509775
0.44	0.6080576239305405
0.441	0.6073300078395558
0.442	0.606621714792314
0.443	0.6059130423551009
0.444	0.6051935991894112
0.445	0.6044356113916638
0.446	0.6037242562256748
0.447	0.6029878798580877
0.448	0.6022796790088202
0.449	0.6015431268633998
0.45	0.6008231840377236
0.451	0.600045218660211
0.452	0.599320785386575
0.453	0.598618747740081
0.454	0.5979804078730122
0.455	0.5973388634863578
0.456	0.5966875032576096
0.457	0.5960367533647684
0.458	0.595395266524783
0.459	0.5947358757662469
0.46	0.5940581852502891
0.461	0.5933704204795591
0.462	0.5926465218962974
0.463	0.5919400180785258
0.464	0.5912431600535868
0.465	0.59054309596238
0.466	0.5898306591771851
0.467	0.5890755115018842
0.468	0.5883009623638418
0.46900000000000003	0.5874558391045869
0.47000000000000003	0.5866949609847721
0.47100000000000003	0.5859390582033821
0.47200000000000003	0.585188902001826
0.47300000000000003	0.5844224457701949
0.47400000000000003	0.5836654656493764
0.47500000000000003	0.5829797015739875
0.47600000000000003	0.5822601112457668
0.47700000000000004	0.5815409855321543
0.47800000000000004	0.5808218033945015
0.47900000000000004	0.5800903273565565
0.48	0.5793000213586803
0.481	0.5785399963573197
0.482	0.5777850285118464
0.483	0.5770591901566648
0.484	0.5762938830644017
0.485	0.575531727763025
0.486	0.574830685393273
0.487	0.5741305647377769
0.488	0.5734184953194784
0.489	0.5727027791548277
0.49	0.5720295241729081
0.491	0.5713879088014233
0.492	0.5707624650825633
0.493	0.570112933087703
0.494	0.569469050428384
0.495	0.5687913761537893
0.496	0.5680876252740329
0.497	0.5673516850936303
0.498	0.5666009881396158
0.499	0.5658599342998374
0.5	0.5651323486392326
0.501	0.5643978309506426
0.502	0.5636882727536194
0.503	0.5629607105696954
0.504	0.5622127110685812
0.505	0.5614815696652461
0.506	0.5607788782451252
0.507	0.5601101972600031
0.508	0.559440396870345
0.509	0.5588045242406816
0.51	0.5581961974522331
0.511	0.557554126209863
0.512	0.5568887384320478
0.513	0.556215164788016
0.514	0.5554725975873587
0.515	0.5547118035973493
0.516	0.5539463790579332
0.517	0.5531874594375182
0.518	0.5524400438467848
0.519	0.5517053722093264
0.52	0.5509778522047996
0.521	0.5502857480510241
0.522	0.5496059183217279
0.523	0.5489608385444612
0.524	0.5483179588807205
0.525	0.5477257904547598
0.526	0.5471692929288545
0.527	0.5466784408042823
0.528	0.5461771219602111
0.529	0.5457300464344542
0.53	0.5452586553063726
0.531	0.544811917421994
0.532	0.544360850338512
0.533	0.5438978483277138
0.534	0.5434435984047109
0.535	0.5429567661532575
0.536	0.5424437942504395
0.537	0.5418912182246924
0.538	0.5413016353377524
0.539	0.5407060301459113
0.54	0.5401214224262469
0.541	0.5395758190177925
0.542	0.5390077293860153
0.543	0.5384765557980792
0.544	0.5379342774207886
0.545	0.5374222026058169
0.546	0.5368998334917171
0.547	0.5363571734260447
0.548	0.5358218242044713
0.549	0.5352799363596309
0.55	0.5347533204121193
0.551	0.53424988294056
0.552	0.5337638013895164
0.553	0.5332861033203522
0.554	0.5328107835351482
0.555	0.5323011900821868
0.556	0.5317854772323928
0.557	0.5313009836514655
0.558	0.5308253741511744
0.559	0.5303871779205354
0.56	0.5299530304085347
0.561	0.5295186913008119
0.562	0.5290644405767904
0.5630000000000001	0.5285985481162365
0.5640000000000001	0.5280755180842525
0.5650000000000001	0.5276155493156488
0.5660000000000001	0.5271316494019672
0.5670000000000001	0.5266427158940312
0.5680000000000001	0.5261424840802081
0.5690000000000001	0.5256492085994984
0.5700000000000001	0.5251233094118242
0.5710000000000001	0.524625137178115
0.5720000000000001	0.5241010444964881
0.5730000000000001	0.5235781142639433
0.5740000000000001	0.5230207426280273
0.5750000000000001	0.5224202668470008
0.5760000000000001	0.5218200981252322
0.577	0.5212136003764177
0.578	0.5205573089384615
0.579	0.5199144165895077
0.58	0.5192429386353197
0.581	0.5185416776708014
0.582	0.5178267383607053
0.583	0.5171059825646893
0.584	0.516343712303823
0.585	0.515559315928113
0.586	0.5147896754762051
0.587	0.5140465078558948
0.588	0.5132949708096659
0.589	0.5125454030956034
0.59	0.5118030312310908
0.591	0.5109934094051654
0.592	0.5101472978503688
0.593	0.5092935400906063
0.594	0.5084679820613698
0.595	0.5076371875872349
0.596	0.5068448561369144
0.597	0.5060017560269725
0.598	0.5051906789255054
0.599	0.5044247231822965
0.6	0.50363914732238
0.601	0.5028259122498011
0.602	0.5020410974877023
0.603	0.5012263423649813
0.604	0.5004142318466763
0.605	0.4995860759112546
0.606	0.49882687388668406
0.607	0.4980316895772703
0.608	0.49724643750184644
0.609	0.49647774880251044
0.61	0.4956614875833289
0.611	0.49488022542113735
0.612	0.4941095538457484
0.613	0.4933684908027693
0.614	0.4926856022993106
0.615	0.49199185933087547
0.616	0.4912664015872352
0.617	0.49055561679073634
0.618	0.4898450290376305
0.619	0.4891581874114815
0.62	0.4884663007248113
0.621	0.48775990954868526
0.622	0.4870416737524252
0.623	0.48633576398549716
0.624	0.4856124561058248
0.625	0.484895922725388
0.626	0.4842123589723216
0.627	0.48353530219520474
0.628	0.4828646013769296
0.629	0.4821936580916292
0.63	0.4815154262867927
0.631	0.48083112082845664
0.632	0.48022754585282235
0.633	0.47960531974021237
0.634	0.4789906838742136
0.635	0.47837457946661915
0.636	0.4777440356525069
0.637	0.4771448427368663
0.638	0.4765635068386422
0.639	0.4759952625017304
0.64	0.4753751610009017
0.641	0.4747564587868981
0.642	0.4741571262193592
0.643	0.47348300926738823
0.644	0.4727767586281925
0.645	0.4720335154228589
0.646	0.471255521916627
0.647	0.4704065886586742
0.648	0.4695550820314742
0.649	0.46874753355045823
0.65	0.46792848064506415
0.651	0.46709982803003336
0.652	0.4663089260262766
0.653	0.4655321827062866
0.654	0.4647806353898221
0.655	0.46403159861603455
0.656	0.46322423097414656
0.657	0.46247677276847315
0.658	0.46170156165029635
0.659	0.4609194650898861
0.66	0.4601391713675639
0.661	0.45932702970639544
0.662	0.45851099159432296
0.663	0.45766908042169874
0.664	0.45682240814593045
0.665	0.45600814903379905
0.666	0.4552780965648627
0.667	0.45454169188951093
0.668	0.4537796593748448
0.669	0.45299678545774574
0.67	0.45225197237089265
0.671	0.4514919904730118
0.672	0.45071190244045334
0.673	0.4499351269391799
0.674	0.44915537473651973
0.675	0.4483600701467139
0.676	0.447630364291638
0.677	0.44688107237486135
0.678	0.44614926599075827
0.679	0.4454117258766266
0.68	0.44472712851766655
0.681	0.4441214592391716
0.682	0.443545709499358
0.683	0.4429892212664683
0.684	0.4424418762060116
0.685	0.44187456201250375
0.686	0.4412846902659857
0.687	0.4407136228433833
0.6880000000000001	0.4400981516343338
0.6890000000000001	0.4394569742718265
0.6900000000000001	0.43888906482107776
0.6910000000000001	0.4383118039313825
0.6920000000000001	0.43774497729853973
0.6930000000000001	0.43718638160816414
0.6940000000000001	0.43660896362620516
0.6950000000000001	0.4360522786751926
0.6960000000000001	0.43556957415234
0.6970000000000001	0.43509342171916304
0.6980000000000001	0.43459137387131236
0.6990000000000001	0.43411183453791885
0.7000000000000001	0.43367171222292594
0.7010000000000001	0.4332420499199715
0.7020000000000001	0.4328006010753724
0.7030000000000001	0.43239937035214215
0.704	0.43198474354244726
0.705	0.431594321735173
0.706	0.4311670744917196
0.707	0.4307755041356213
0.708	0.4303845976091824
0.709	0.4299704319659796
0.71	0.42958504693918687
0.711	0.4291961196848278
0.712	0.42883482141834883
0.713	0.4284436625162326
0.714	0.4280684454760299
0.715	0.4276726943525158
0.716	0.4272728717643674
0.717	0.4269032549254554
0.718	0.42653541983291393
0.719	0.42615387353694123
0.72	0.42576068873541795
0.721	0.4254163863140307
0.722	0.42509060700006174
0.723	0.42476977130983984
0.724	0.42444137420818745
0.725	0.4240742480563741
0.726	0.4237262028962069
0.727	0.42337922073821344
0.728	0.42304832217436594
0.729	0.42268996952938986
0.73	0.422314022154323
0.731	0.42192114409813836
0.732	0.42150951310557433
0.733	0.4211695593267268
0.734	0.4208688061953056
0.735	0.4205707703790833
0.736	0.4202409134085122
0.737	0.41990563164966477
0.738	0.4195308596172778
0.739	0.41914870437384727
0.74	0.41875421859032613
0.741	0.418323316087922
0.742	0.41789093402516386
0.743	0.4174312382183498
0.744	0.4169743327833872
0.745	0.416530035895227
0.746	0.4161228298286085
0.747	0.4157633558706638
0.748	0.41541342222776245
0.749	0.4150098414181852
0.75	0.41469981205513223
0.751	0.4143428796881465
0.752	0.4139651012729418
0.753	0.4135446484662467
0.754	0.4130817858512952
0.755	0.4126073999211234
0.756	0.4121451737150089
0.757	0.4116264228134288
0.758	0.4111288956487985
0.759	0.4106301227451935
0.76	0.41013038625943604
0.761	0.4095843746372724
0.762	0.40906264327667324
0.763	0.4085617844096963
0.764	0.40808702484865406
0.765	0.4075667764766757
0.766	0.40701605140029784
0.767	0.4064704722662778
0.768	0.4059712076638251
0.769	0.4054267945748477
0.77	0.40494912328996097
0.771	0.40445807716944526
0.772	0.4039194175563933
0.773	0.4033626375073783
0.774	0.40283985895140356
0.775	0.4023088245817462
0.776	0.4017641999052573
0.777	0.4011951478056131
0.778	0.40060995106548203
0.779	0.40006613683083214
0.78	0.39957333112137694
0.781	0.3990363736649964
0.782	0.3985074876539237
0.783	0.3979446548524712
0.784	0.3973915620119113
0.785	0.39685295722549657
0.786	0.39634799096843865
0.787	0.39586632701815055
0.788	0.3953548551342936
0.789	0.39487425635863094
0.79	0.3944142673784719
0.791	0.39394801563516346
0.792	0.3934779029768068
0.793	0.3929475088100607
0.794	0.39238877613582623
0.795	0.39182096542721656
0.796	0.3912419994607131
0.797	0.3905996288882594
0.798	0.38993766871581437
0.799	0.3892643840085424
0.8	0.38857168599535
0.801	0.3879371604281592
0.802	0.38730840657466287
0.803	0.3866710096750089
0.804	0.38599349074925116
0.805	0.3853772132912965
0.806	0.3847970395483556
0.807	0.384277286973409
0.808	0.38377097780492825
0.809	0.38327465734334465
0.81	0.38281011977928736
0.811	0.3823961502423339
0.812	0.38193123795222395
0.8130000000000001	0.3814656749484351
0.8140000000000001	0.3810061592536698
0.8150000000000001	0.3805807694704993
0.8160000000000001	0.3802014612430316
0.8170000000000001	0.37987224638455647
0.8180000000000001	0.37952460823715495
0.8190000000000001	0.3791926709432395
0.8200000000000001	0.3788741701585146
0.8210000000000001	0.37857094500996674
0.8220000000000001	0.37829952590565324
0.8230000000000001	0.3779668922345568
0.8240000000000001	0.3776739671529933
0.8250000000000001	0.3773952221637832
0.8260000000000001	0.37710665431150936
0.8270000000000001	0.3767956785248277
0.8280000000000001	0.37651313124381613
0.8290000000000001	0.3761949664659976
0.8300000000000001	0.3758837289833253
0.8310000000000001	0.3755910966488001
0.8320000000000001	0.37524821443390194
0.833	0.3749522315245952
0.834	0.37470225033342247
0.835	0.3744766090070119
0.836	0.3742481864107689
0.837	0.3740208718484744
0.838	0.37376609324655713
0.839	0.37349404533821445
0.84	0.373259713307953
0.841	0.37305453779712205
0.842	0.3728949093693591
0.843	0.3727787584023784
0.844	0.372677657051889
0.845	0.37255317526309617
0.846	0.3724306108104581
0.847	0.37231468607413126
0.848	0.3721699403895821
0.849	0.3720486012951234
0.85	0.3719397881464471
0.851	0.3718459659176845
0.852	0.3717467853821031
0.853	0.37160916936372146
0.854	0.3714824871647396
0.855	0.37129430891993903
0.856	0.3710839138976303
0.857	0.3708221138759722
0.858	0.3705542307283613
0.859	0.37031124289423406
0.86	0.37005329919926033
0.861	0.3697481843509015
0.862	0.3693878869771672
0.863	0.36905199108016845
0.864	0.368703200859184
0.865	0.3683043324215573
0.866	0.3678748375516226
0.867	0.3674351409049368
0.868	0.36700833096530977
0.869	0.3665895518125155
0.87	0.3661554750032934
0.871	0.36576858964725817
0.872	0.36541747052046764
0.873	0.3650268170280013
0.874	0.36462048397132824
0.875	0.3641703475951329
0.876	0.363726503103997
0.877	0.363261187573314
0.878	0.3627748754379495
0.879	0.3623066003764431
0.88	0.36183164713151655
0.881	0.3613910633519731
0.882	0.3609881506708252
0.883	0.360518980689945
0.884	0.36002817852852576
0.885	0.3595712242482766
0.886	0.3591370169640623
0.887	0.3587055185490191
0.888	0.3582548879112843
0.889	0.35774009054930606
0.89	0.35721928308104917
0.891	0.35665304426686795
0.892	0.35612042074379646
0.893	0.3556045551999285
0.894	0.3550923156508384
0.895	0.35453517516306565
0.896	0.35402017778070344
0.897	0.35353520047370895
0.898	0.3530635714934471
0.899	0.3525487844095198
0.9	0.352092956714994
0.901	0.35159569950463204
0.902	0.3511247185791383
0.903	0.3506569505316772
0.904	0.3502106526282716
0.905	0.3497844782987257
0.906	0.3493698640554546
0.907	0.34892448329766274
0.908	0.34843851718367796
0.909	0.34801529502454215
0.91	0.34758300151871047
0.911	0.34713608979319266
0.912	0.3467182294376948
0.913	0.3462745331619954
0.914	0.3458371834409532
0.915	0.3453615554193941
0.916	0.3449032673248372
0.917	0.34446010087328777
0.918	0.34402558255154125
0.919	0.34356799406851224
0.92	0.34307277134188785
0.921	0.3425492883642253
0.922	0.34204218672384146
0.923	0.3415685858335261
0.924	0.34109815779720454
0.925	0.3406400359776076
0.926	0.34021112283118804
0.927	0.3397848853335543
0.928	0.3393872305478427
0.929	0.33899324704669836
0.93	0.33859306290970326
0.931	0.3381560344373548
0.932	0.33777573366790853
0.933	0.3374139347607678
0.934	0.337040983646873
0.935	0.3366511052143753
0.936	0.3362628830866593
0.937	0.3358948007111459
0.9380000000000001	0.3355559152688758
0.9390000000000001	0.3351809552119958
0.9400000000000001	0.33485919616445187
0.9410000000000001	0.33456417198389327
0.9420000000000001	0.33424777447216103
0.9430000000000001	0.3338712992053441
0.9440000000000001	0.33357424588377094
0.9450000000000001	0.3332317104334986
0.9460000000000001	0.3328778596952095
0.9470000000000001	0.33246248857264776
0.9480000000000001	0.33211788639690454
0.9490000000000001	0.33175539620236083
0.9500000000000001	0.3313555965577242
0.9510000000000001	0.3309326723541009
0.9520000000000001	0.33048456324568876
0.9530000000000001	0.3300732085277041
0.9540000000000001	0.32968666635927185
0.9550000000000001	0.32934474858351137
0.9560000000000001	0.329042976769548
0.9570000000000001	0.3287956883458162
0.9580000000000001	0.3285052286907043
0.9590000000000001	0.3281863035227959
0.96	0.32786883284023055
0.961	0.327563510380547
0.962	0.3272233586715739
0.963	0.3268596154565239
0.964	0.32653234395049163
0.965	0.32619554849901444
0.966	0.3258549992862395
0.967	0.3255534482848508
0.968	0.3253125490703163
0.969	0.3250707428097601
0.97	0.324864506968086
0.971	0.3246666695297089
0.972	0.3245286129089272
0.973	0.3243700247142381
0.974	0.3242099293694943
0.975	0.3240417431314683
0.976	0.3238575430595657
0.977	0.3235703940084997
0.978	0.3233177059389859
0.979	0.32304295639964353
0.98	0.3227526323818121
0.981	0.32247506840534534
0.982	0.3222408647393885
0.983	0.32202618330198474
0.984	0.32182305613838874
0.985	0.321634118568136
0.986	0.321396114449929
0.987	0.32116194285155636
0.988	0.32092367410341993
0.989	0.3207092549880886
0.99	0.3205150021863224
0.991	0.3203115708362846
0.992	0.3200720736389956
0.993	0.31981448601146706
0.994	0.31955561696395113
0.995	0.31928218905135636
0.996	0.31903652513764447
0.997	0.3187712283491677
0.998	0.3185105894705099
0.999	0.3182045628578344
1.0	0.3179255568025576
1.0010000000000001	0.3176538925053454
1.002	0.31745535370839006
1.0030000000000001	0.3172784956105778
1.004	0.31707005282204764
1.0050000000000001	0.3168447492742405
1.006	0.31661155583824957
1.0070000000000001	0.3163656212535362
1.008	0.31607029679954984
1.0090000000000001	0.31577428915505124
1.01	0.3154781567596059
1.0110000000000001	0.31514801535762343
1.012	0.31476650493665087
1.0130000000000001	0.3143786540154774
1.014	0.31398995874594554
1.0150000000000001	0.31356480880376786
1.016	0.3131352458240159
1.0170000000000001	0.3127137619447097
1.018	0.31231416647420057
1.0190000000000001	0.31194937723981214
1.02	0.3116005194869097
1.0210000000000001	0.31122805640129636
1.022	0.3108373260865419
1.0230000000000001	0.31045779336805013
1.024	0.31009858602761137
1.025	0.3097444722133237
1.026	0.3093788190464907
1.027	0.3089924109828674
1.028	0.30859002672063734
1.029	0.30819197611454585
1.03	0.30781341632618414
1.031	0.30750441409946905
1.032	0.30713528068799933
1.033	0.3067861242339753
1.034	0.30647608182155867
1.035	0.30615040391281423
1.036	0.3058473199624309
1.037	0.3055566749964921
1.038	0.3052683431970375
1.039	0.3050428064208449
1.04	0.30478081083177744
1.041	0.3045201248747656
1.042	0.30425974076725854
1.043	0.3040211135999745
1.044	0.3037672191028333
1.045	0.3034851599779079
1.046	0.3031802906195821
1.047	0.3028640879203423
1.048	0.3025459980467235
1.049	0.3022450057696776
1.05	0.301971667690466
1.051	0.3017327351829963
1.052	0.301497662534188
1.053	0.3012142831492482
1.054	0.3009542622028508
1.055	0.3006314959939232
1.056	0.3003188004458008
1.057	0.29998134835540025
1.058	0.2996611444488155
1.059	0.29933897218580474
1.06	0.2990159994769535
1.061	0.29868436605258386
1.062	0.2983215338221855
1.063	0.2979207223845206
1.064	0.29756643702944036
1.065	0.2972534689603067
1.066	0.29692647139320344
1.067	0.2965360945241937
1.068	0.29610327381135243
1.069	0.2956776256683421
1.07	0.29523071010303964
1.071	0.29485425322090525
1.072	0.29443540696487297
1.073	0.2939812451140666
1.074	0.2935323085400815
1.075	0.2930917695360311
1.076	0.2926319325124852
1.077	0.2921141693203153
1.078	0.29160857178862387
1.079	0.2910055657102622
1.08	0.2904113772606968
1.081	0.28978056310914846
1.082	0.28917228894123775
1.083	0.28857642119472343
1.084	0.2880037466307296
1.085	0.2874351427188335
1.086	0.28690854460397164
1.087	0.2864016409602673
1.088	0.2859067449512354
1.089	0.285406826800581
1.09	0.2848523678726796
1.091	0.2843529546666127
1.092	0.28384169261066133
1.093	0.2833792558603437
1.094	0.2829503503868195
1.095	0.28247459643711004
1.096	0.2820571422206228
1.097	0.2815874312709956
1.098	0.2811263470796863
1.099	0.28072443588528834
1.1	0.2803908596529995
1.101	0.28011816944014406
1.102	0.279821658947505
1.103	0.27951089209514757
1.104	0.2791714016507387
1.105	0.27884733003168705
1.106	0.2785055398455233
1.107	0.2781723698695082
1.108	0.2778551564359539
1.109	0.2774677170231833
1.11	0.2770783168984263
1.111	0.2767140974008022
1.112	0.27630483476717266
1.113	0.27587806296360945
1.114	0.27545129126637896
1.115	0.27504808197376307
1.116	0.27464971780171954
1.117	0.2741980652010752
1.118	0.27374510321202644
1.119	0.27333046276345063
1.12	0.27297664353356793
1.121	0.2726239604193123
1.122	0.2722454601271934
1.123	0.27190089169619913
1.124	0.2715475120087222
1.125	0.2712376032104909
1.1260000000000001	0.27094680236851454
1.127	0.2706823914375608
1.1280000000000001	0.2704069500925023
1.129	0.2701091394047944
1.1300000000000001	0.2698057097411612
1.131	0.2695260013212281
1.1320000000000001	0.2692421619428552
1.133	0.2690055788097216
1.1340000000000001	0.26882355543769876
1.135	0.26864483145725576
1.1360000000000001	0.2684806139789399
1.137	0.26829578791845077
1.1380000000000001	0.2680590366833762
1.139	0.2678310890132579
1.1400000000000001	0.2676108747941906
1.141	0.2673535196389301
1.1420000000000001	0.26709330603194253
1.143	0.26684484258995805
1.1440000000000001	0.26657253186177304
1.145	0.26633285729321465
1.1460000000000001	0.266106210493707
1.147	0.2658472550138701
1.1480000000000001	0.2655846361686921
1.149	0.2653683723395459
1.1500000000000001	0.26517550876641316
1.151	0.26496666753550135
1.1520000000000001	0.2647017823767312
1.153	0.2644841388897519
1.154	0.26432782405640587
1.155	0.2641560836000817
1.156	0.26396154030646246
1.157	0.2638289212898581
1.158	0.263687350822299
1.159	0.26349029503009164
1.16	0.26328120866495036
1.161	0.2630921284447314
1.162	0.2628977729596395
1.163	0.2627058262631122
1.164	0.26259595852096473
1.165	0.2624757953766807
1.166	0.26233878169955754
1.167	0.26220349684628175
1.168	0.262071490234555
1.169	0.2619545028847219
1.17	0.2618258957752207
1.171	0.26164355924024063
1.172	0.2614540204116896
1.173	0.2613093867032711
1.174	0.2611433770587864
1.175	0.26092074569583146
1.176	0.2606823186724547
1.177	0.2604395402593085
1.178	0.2602542386728269
1.179	0.26006930626594665
1.18	0.25986318323426555
1.181	0.2596394454316573
1.182	0.2593672090836496
1.183	0.25911027941903025
1.184	0.2588721657248219
1.185	0.2586396087526513
1.186	0.25836236742250934
1.187	0.2580939500936543
1.188	0.25783999768073707
1.189	0.25755745050187234
1.19	0.2572741302165011
1.191	0.25694644487962554
1.192	0.2566050903681201
1.193	0.2562512683545105
1.194	0.2558563343420005
1.195	0.2554559457170386
1.196	0.2550345732417595
1.197	0.25460542603422276
1.198	0.2542076144164994
1.199	0.2538839364492228
1.2	0.2535178182744928
1.201	0.2531896230504427
1.202	0.2528003587374793
1.203	0.2524169644038389
1.204	0.2520788611904784
1.205	0.25182436791155965
1.206	0.2515595689748086
1.207	0.2513270678848662
1.208	0.2510886063155361
1.209	0.2508490544155833
1.21	0.25061889060434284
1.211	0.25037498400442043
1.212	0.2500692079809127
1.213	0.24976110321663322
1.214	0.24943324315194745
1.215	0.2491027687909176
1.216	0.2487669134943767
1.217	0.2484010292961312
1.218	0.24803817000328873
1.219	0.24770036640201062
1.22	0.24738437131971067
1.221	0.24703772098565788
1.222	0.24668237292696418
1.223	0.24633021706794758
1.224	0.24598013160839835
1.225	0.24563101552275923
1.226	0.24527041794342908
1.227	0.24491895532329772
1.228	0.24467822603191833
1.229	0.24441110191148305
1.23	0.24419123187074276
1.231	0.24396331587885103
1.232	0.24377282156022875
1.233	0.24356838884791135
1.234	0.24336370676121552
1.235	0.2431549216101926
1.236	0.24295336693816205
1.237	0.24273910637450805
1.238	0.24256095335342845
1.239	0.24241309905034264
1.24	0.24224531485092232
1.241	0.24204512614343338
1.242	0.24186420662323876
1.243	0.24156896277790987
1.244	0.24126340488948328
1.245	0.24091022827405464
1.246	0.24054343452542304
1.247	0.24022674290455562
1.248	0.23988926905272345
1.249	0.2395295348405147
1.25	0.2391825270633745
1.2510000000000001	0.23879190011425572
1.252	0.2384016520579533
1.2530000000000001	0.23804114173027127
1.254	0.23772170771172144
1.2550000000000001	0.23740075213136322
1.256	0.23705778577342013
1.2570000000000001	0.23666562832257712
1.258	0.23628736983424012
1.2590000000000001	0.23591228734160904
1.26	0.23554150899844037
1.2610000000000001	0.2351611440176216
1.262	0.2347306120638295
1.2630000000000001	0.2342815036288755
1.264	0.23383831389328968
1.2650000000000001	0.2333889616744428
1.266	0.23292426619114426
1.2670000000000001	0.23240482005478294
1.268	0.23189770387235822
1.2690000000000001	0.23141988186920814
1.27	0.2309426114315609
1.2710000000000001	0.23049524056286685
1.272	0.23006403619167276
1.2730000000000001	0.22971819004557742
1.274	0.22935799730482334
1.2750000000000001	0.22894477483947467
1.276	0.22846920065803636
1.2770000000000001	0.22794862707832347
1.278	0.22750405173580324
1.2790000000000001	0.22710541160855913
1.28	0.22678628155288522
1.281	0.2264135245301469
1.282	0.22606462732495375
1.283	0.22572963430610218
1.284	0.22540501469354265
1.285	0.22514053639734405
1.286	0.22489837247320818
1.287	0.22466295702104483
1.288	0.2243889294544771
1.289	0.22418056093682018
1.29	0.22397678830745615
1.291	0.22374771843263108
1.292	0.2234688272180993
1.293	0.2232288276099788
1.294	0.22291857898513154
1.295	0.22262385984933777
1.296	0.22234618765074102
1.297	0.22204185500328902
1.298	0.2216958099198162
1.299	0.22140307347544566
1.3	0.2210517984240686
1.301	0.2207027947485755
1.302	0.22036629734929677
1.303	0.22004765083430133
1.304	0.21972676710137445
1.305	0.21944558755111543
1.306	0.21914627005858264
1.307	0.21886768081131253
1.308	0.21862722298578235
1.309	0.21840037382406421
1.31	0.21820158814901286
1.311	0.2180008689376977
1.312	0.21777346519227994
1.313	0.21751819623101512
1.314	0.21724517017553197
1.315	0.21703754568699835
1.316	0.21681891792712268
1.317	0.21657627713085753
1.318	0.21630161810136506
1.319	0.21598343592598088
1.32	0.21564712393594127
1.321	0.215340708474164
1.322	0.21500275470852503
1.323	0.21468355685875531
1.324	0.21431000020768814
1.325	0.21400647221800956
1.326	0.21372488620033703
1.327	0.21338671352815938
1.328	0.21301148670797224
1.329	0.21263155086219226
1.33	0.21222215049774695
1.331	0.21186463568943514
1.332	0.21149006435925888
1.333	0.21114668925965407
1.334	0.21074340530504057
1.335	0.2103347738971185
1.336	0.20994898044502724
1.337	0.20952497491201078
1.338	0.20910333735203077
1.339	0.2086474459775141
1.34	0.20819868653718784
1.341	0.20773083496837097
1.342	0.20730483192226914
1.343	0.20687189805214268
1.344	0.20640691492126442
1.345	0.20595665227003526
1.346	0.2055572773909588
1.347	0.20509393789531571
1.348	0.20458305602628052
1.349	0.20409732967939123
1.35	0.20360848759089195
1.351	0.20319424830687718
1.352	0.20279105775051293
1.353	0.20242111666712115
1.354	0.2020773049912277
1.355	0.20173717649564155
1.356	0.2014185063628251
1.357	0.20108792700087186
1.358	0.20075002508162976
1.359	0.20046581783906817
1.36	0.20017519436140924
1.361	0.1999333438596295
1.362	0.19965858808239925
1.363	0.1993881318298215
1.364	0.19908563806044233
1.365	0.19875167159327842
1.366	0.19844483324063902
1.367	0.19822639588128527
1.368	0.19807036014357057
1.369	0.19793019985568006
1.37	0.19778100214839445
1.371	0.19766286764688643
1.372	0.1975297934831949
1.373	0.19733909449329462
1.374	0.19713380960627194
1.375	0.19692460731570702
1.3760000000000001	0.1967418237623589
1.377	0.1965302157171098
1.3780000000000001	0.19625288176391542
1.379	0.19597114525983877
1.3800000000000001	0.19573223042403048
1.381	0.19552100740552222
1.3820000000000001	0.19529694586745838
1.383	0.19509938572281027
1.3840000000000001	0.19491275345007464
1.385	0.19475731736092683
1.3860000000000001	0.19459979796815335
1.387	0.19437051654535253
1.3880000000000001	0.1941699086414634
1.389	0.19394732250061159
1.3900000000000001	0.19375130271827223
1.391	0.19360463138614165
1.3920000000000001	0.19344962405022445
1.393	0.19327565839743657
1.3940000000000001	0.19307510261591668
1.395	0.19285937996510194
1.3960000000000001	0.1925700065807343
1.397	0.1923093156631711
1.3980000000000001	0.19199306348641046
1.399	0.19166395942180553
1.4000000000000001	0.19137242943618601
1.401	0.19112691954978323
1.4020000000000001	0.1909113186268379
1.403	0.19069529163595847
1.4040000000000001	0.19051893244688617
1.405	0.19032536015755916
1.4060000000000001	0.19013313367684326
1.407	0.18997197028016535
1.408	0.18981034778853675
1.409	0.1896987517183005
1.41	0.18963665722888515
1.411	0.1895701901979269
1.412	0.18951867497091074
1.413	0.18948615742729766
1.414	0.18948297048365664
1.415	0.18944129422553588
1.416	0.18942477053981865
1.417	0.189346597841957
1.418	0.18926297884360022
1.419	0.18920711129731485
1.42	0.18918315779492625
1.421	0.18914550826482013
1.422	0.18909228749110926
1.423	0.18905210710177278
1.424	0.1890118153113139
1.425	0.18897591754818668
1.426	0.1889343697390059
1.427	0.18888961338685534
1.428	0.18879441709139697
1.429	0.18869731138955084
1.43	0.1886188837983271
1.431	0.18849859541635314
1.432	0.1884373686053526
1.433	0.18837883252061277
1.434	0.18823964489573627
1.435	0.18817993706241448
1.436	0.18813516091626345
1.437	0.1880457678122177
1.438	0.18797278302750886
1.439	0.18794493567937756
1.44	0.18789452751753463
1.441	0.18782886684424174
1.442	0.18778541486298836
1.443	0.18773806924835615
1.444	0.18774264812098343
1.445	0.18767804279419173
1.446	0.18755412432515464
1.447	0.187431398430904
1.448	0.18733496899156038
1.449	0.187300839303703
1.45	0.18725547063728767
1.451	0.18717297395556282
1.452	0.1870620007011243
1.453	0.1870130997152344
1.454	0.18697782678789737
1.455	0.18689104276045376
1.456	0.18678771137912162
1.457	0.1866859226658229
1.458	0.18657377359534288
1.459	0.18645574661768483
1.46	0.18629895193167972
1.461	0.18612942565438986
1.462	0.18594451007974316
1.463	0.18572534663248552
1.464	0.18554741411912248
1.465	0.18540388392380114
1.466	0.18529157250768152
1.467	0.18516763123478525
1.468	0.18503376654283
1.469	0.18488494246973086
1.47	0.18471989963766328
1.471	0.18463484605647484
1.472	0.1845027629352422
1.473	0.18435077176367357
1.474	0.18424012920646662
1.475	0.18404846194991173
1.476	0.18381661369652685
1.477	0.18363932653693105
1.478	0.18347768250970048
1.479	0.1833330071367721
1.48	0.18311942612359275
1.481	0.18286113047713423
1.482	0.18265329858775567
1.483	0.1824301462238836
1.484	0.1822760039722403
1.485	0.18209352014203062
1.486	0.18186803273580843
1.487	0.18164680840578434
1.488	0.18148284442752335
1.489	0.18131998062037138
1.49	0.1811737828478074
1.491	0.18104088351804273
1.492	0.180975525964163
1.493	0.18095216153671798
1.494	0.1808884431407518
1.495	0.18086373285056734
1.496	0.18079215614426447
1.497	0.1807203431229058
1.498	0.18059899190835238
1.499	0.18039040276154975
1.5	0.18022469189569262
1.5010000000000001	0.18007940203991082
1.502	0.17989127424920004
1.5030000000000001	0.17969665338343907
1.504	0.17948648743617224
1.5050000000000001	0.17929882971821956
1.506	0.17906851125831114
1.5070000000000001	0.17886285260885237
1.508	0.17873421016282365
1.5090000000000001	0.1786183887945218
1.51	0.17849613887999458
1.5110000000000001	0.17839297217500372
1.512	0.17833689137672984
1.5130000000000001	0.17833070146033936
1.514	0.17834103729303225
1.5150000000000001	0.1783966757673048
1.516	0.17849090501973458
1.5170000000000001	0.1786206041407484
1.518	0.17870390568601618
1.5190000000000001	0.17871790729390066
1.52	0.1787269197650306
1.5210000000000001	0.17874845365977338
1.522	0.178741050279709
1.5230000000000001	0.17869610987776657
1.524	0.17860974778331412
1.5250000000000001	0.1785334417410435
1.526	0.1784205582202088
1.5270000000000001	0.17831716700900518
1.528	0.1782169493572195
1.5290000000000001	0.17810961269670808
1.53	0.17802417617348773
1.5310000000000001	0.1779679232169548
1.532	0.17789820758739838
1.5330000000000001	0.17775243638184907
1.534	0.17765448229392966
1.5350000000000001	0.1775465958406449
1.536	0.1774459950534375
1.537	0.17732757406061156
1.538	0.17721402901099867
1.539	0.1771353367206117
1.54	0.1770591059818066
1.541	0.17696539849176163
1.542	0.17686620427822275
1.543	0.17674871055945218
1.544	0.17671074357654695
1.545	0.17666046057766058
1.546	0.17658130147195047
1.547	0.17646696046192725
1.548	0.17637449778018266
1.549	0.17625290129374063
1.55	0.1761338622427401
1.551	0.17603247177120235
1.552	0.17591788658361718
1.553	0.1757569293542051
1.554	0.175570619324249
1.555	0.17540125228559963
1.556	0.17522614253056387
1.557	0.17501801829785563
1.558	0.17480633246582047
1.559	0.17457172738398172
1.56	0.1743817550969231
1.561	0.17422688565023575
1.562	0.1741233287799637
1.563	0.17405746333587743
1.564	0.17396769047092572
1.565	0.17377948152630782
1.566	0.17357399273535534
1.567	0.17335950238081219
1.568	0.17314880720130624
1.569	0.17292632692331658
1.57	0.17270099964423136
1.571	0.17244737997253184
1.572	0.1722434721455953
1.573	0.17202947074845398
1.574	0.17181289624386084
1.575	0.17162233752320477
1.576	0.17150820555031282
1.577	0.17137481603544152
1.578	0.17122569146831004
1.579	0.1710450081358034
1.58	0.17089721160466526
1.581	0.1707968269512454
1.582	0.17069529058619015
1.583	0.17055082540203192
1.584	0.17040437181650975
1.585	0.17025777641208115
1.586	0.17016592631700572
1.587	0.17009844713002475
1.588	0.1700590415971505
1.589	0.16997979983501102
1.59	0.16986107729843483
1.591	0.1697243937902205
1.592	0.1696074040769713
1.593	0.16950018184465632
1.594	0.16946977894169793
1.595	0.16940614065549323
1.596	0.1693279153568281
1.597	0.16919471882270345
1.598	0.16912143452004152
1.599	0.16901893271152962
1.6	0.16892355404395115
1.601	0.16880899401372415
1.602	0.1687230366408983
1.603	0.16858844180497035
1.604	0.16846667819582678
1.605	0.16831648751930806
1.606	0.168157505253881
1.607	0.16796090982841283
1.608	0.16775747715246708
1.609	0.1675106301832815
1.61	0.16731973551382603
1.611	0.16712914128899597
1.612	0.16696974792864808
1.613	0.16681401630845769
1.614	0.16668598730374815
1.615	0.1665808490977537
1.616	0.16649771129011376
1.617	0.16642514618946055
1.618	0.16632950706538943
1.619	0.16619784403289334
1.62	0.16609200054012307
1.621	0.1659371647942872
1.622	0.16580305916756669
1.623	0.16566152665605546
1.624	0.16550708080208207
1.625	0.16533605974693794
1.6260000000000001	0.16518862374316814
1.627	0.16503133559552685
1.6280000000000001	0.16494333547371848
1.629	0.1648998006205193
1.6300000000000001	0.16483427053958002
1.631	0.16470421199416657
1.6320000000000001	0.16458803157255092
1.633	0.16448377352664814
1.6340000000000001	0.16439993747267848
1.635	0.16430786323178215
1.6360000000000001	0.16427362642398255
1.637	0.16435285516907394
1.6380000000000001	0.16440424403472417
1.639	0.16439941271968112
1.6400000000000001	0.1643848494342276
1.641	0.16436169102557938
1.6420000000000001	0.16430031578181747
1.643	0.16418417723223253
1.6440000000000001	0.16401574342814074
1.645	0.16384153320499317
1.6460000000000001	0.16365085118593373
1.647	0.16344390826597324
1.6480000000000001	0.16323018436058961
1.649	0.16300122310449483
1.6500000000000001	0.16275916122250284
1.651	0.16252995693145625
1.6520000000000001	0.1622785409430928
1.653	0.16200305096783427
1.6540000000000001	0.16171170505891086
1.655	0.1614441756122942
1.6560000000000001	0.16116627001146924
1.657	0.16093930851618432
1.6580000000000001	0.1607213597787853
1.659	0.16047584140157345
1.6600000000000001	0.16016462343102636
1.661	0.15986146519646738
1.6620000000000001	0.15952789154729874
1.663	0.1592558093961977
1.6640000000000001	0.1589416210560526
1.665	0.158580352384293
1.666	0.1582107350406494
1.667	0.15785542173264344
1.668	0.15750707984106493
1.669	0.1571782973083074
1.67	0.15683202465702786
1.671	0.1564653192764121
1.672	0.15608953188769395
1.673	0.15570836312814057
1.674	0.15534047827801956
1.675	0.15502380144644473
1.676	0.15474046045764916
1.677	0.15445707183372498
1.678	0.15419106843151004
1.679	0.15386384738443026
1.68	0.1535393313799333
1.681	0.153238244373052
1.682	0.15292476885938494
1.683	0.15260476364578476
1.684	0.15231742543377516
1.685	0.1520087583779433
1.686	0.1516971996935999
1.687	0.15140352685113379
1.688	0.15115938715924637
1.689	0.15094049644794685
1.69	0.15073054919155246
1.691	0.15053416060648542
1.692	0.15035374727981315
1.693	0.1501163531371729
1.694	0.1498525630312934
1.695	0.1495529533251537
1.696	0.14926057167989112
1.697	0.1489696604506157
1.698	0.14866239547991106
1.699	0.14833181996597555
1.7	0.14802731707627778
1.701	0.14773734891460222
1.702	0.14744043971876516
1.703	0.14721286724425667
1.704	0.14703992149392298
1.705	0.14683964023739124
1.706	0.14664788545915314
1.707	0.1465187251415329
1.708	0.146369726127843
1.709	0.14622160413532923
1.71	0.14607903697999536
1.711	0.14594768520545154
1.712	0.1458511223031069
1.713	0.14573180827072474
1.714	0.14560110022851028
1.715	0.1455003775705162
1.716	0.14537569659356872
1.717	0.14524064268002757
1.718	0.14506135556607755
1.719	0.14493524480553632
1.72	0.1448218986271197
1.721	0.1447053616647819
1.722	0.1445753763418498
1.723	0.1444272434720827
1.724	0.1442674524637565
1.725	0.14411044269544626
1.726	0.14393178790617214
1.727	0.14375742447235787
1.728	0.1435945561751644
1.729	0.14343969477011428
1.73	0.14335427561333286
1.731	0.14327194566785334
1.732	0.14318912498431344
1.733	0.14312223100620342
1.734	0.1430991518983768
1.735	0.143096244660005
1.736	0.1430746484945062
1.737	0.14306741791566968
1.738	0.14305868326190005
1.739	0.1430423407089472
1.74	0.14307862180859016
1.741	0.1430752183447046
1.742	0.14305911071974886
1.743	0.14298784899668537
1.744	0.14296290557476668
1.745	0.14293641871677495
1.746	0.1428747708430082
1.747	0.14277031409820493
1.748	0.1426705450557555
1.749	0.14260933687109809
1.75	0.14253149338700002
1.7510000000000001	0.14249224739626712
1.752	0.14246501837671485
1.7530000000000001	0.14246176182229575
1.754	0.1424555973317299
1.7550000000000001	0.1424735181005336
1.756	0.1424828240348429
1.7570000000000001	0.142449192653231
1.758	0.1424406594575934
1.7590000000000001	0.142435264085548
1.76	0.14247944260806605
1.7610000000000001	0.1425443489153919
1.762	0.14261414087581706
1.7630000000000001	0.1426237895748098
1.764	0.14267329876553314
1.7650000000000001	0.14267101569061816
1.766	0.14265792760967544
1.7670000000000001	0.14268275233373817
1.768	0.14266748627599485
1.7690000000000001	0.1426413569297747
1.77	0.14260381088201
1.7710000000000001	0.14253737271381633
1.772	0.14249395037505647
1.7730000000000001	0.1424001922390648
1.774	0.14237619527620596
1.7750000000000001	0.14235132577864829
1.776	0.14227781780100102
1.7770000000000001	0.14221346426477657
1.778	0.14210855496443825
1.7790000000000001	0.14195956636778687
1.78	0.14181489716519075
1.7810000000000001	0.14169182561676452
1.782	0.14157144947800115
1.7830000000000001	0.14143099751705349
1.784	0.14128748988895123
1.7850000000000001	0.1411869459665226
1.786	0.14110570670404401
1.7870000000000001	0.14110774828683417
1.788	0.14114540365360376
1.7890000000000001	0.14118500551630417
1.79	0.1412405148333514
1.7910000000000001	0.14125982911133053
1.792	0.1413090012935262
1.793	0.1413930561373476
1.794	0.14148377121090297
1.795	0.141628759469931
1.796	0.1417718640274368
1.797	0.14192344827026757
1.798	0.1420229661492732
1.799	0.14216336160809565
1.8	0.14221678279402056
1.801	0.1422942409426914
1.802	0.1423322489298672
1.803	0.14234353719185996
1.804	0.14235216393359448
1.805	0.14235904339659722
1.806	0.14236944463669315
1.807	0.14237026104707537
1.808	0.14236994739208989
1.809	0.14232671933113664
1.81	0.14228325091288116
1.811	0.14221767717590536
1.812	0.14214371263141512
1.813	0.14206873302712147
1.814	0.14201543778960146
1.815	0.14193551368004897
1.816	0.1418144149937216
1.817	0.14171902177278664
1.818	0.1416148306731983
1.819	0.14156418435332116
1.82	0.14147382998357064
1.821	0.14134334747356803
1.822	0.14120374686841877
1.823	0.14108976508535104
1.824	0.14094690413149474
1.825	0.140787252452547
1.826	0.1406029486786038
1.827	0.14040545455453501
1.828	0.1402059095269028
1.829	0.1400116653369181
1.83	0.13980641408429356
1.831	0.1396402190038743
1.832	0.139531295079754
1.833	0.1393970813434172
1.834	0.13925746570992747
1.835	0.1391942603567911
1.836	0.13908850019779004
1.837	0.13900318361450076
1.838	0.1388794891414479
1.839	0.13872374308511073
1.84	0.13856454082924322
1.841	0.13842975643325356
1.842	0.13828249002567147
1.843	0.13809101645910526
1.844	0.13783347187522196
1.845	0.13763113734054824
1.846	0.137430619060008
1.847	0.1372345888040716
1.848	0.1370070532981077
1.849	0.13677932966036377
1.85	0.13654708982911368
1.851	0.13632389972604636
1.852	0.13612980990118326
1.853	0.13594291698376687
1.854	0.1358212560251454
1.855	0.13568935816600367
1.856	0.13559013448657864
1.857	0.13555825839779387
1.858	0.13550778592762647
1.859	0.1354464352807692
1.86	0.1353285377309989
1.861	0.13529917298075078
1.862	0.1352511527792185
1.863	0.13525632073307317
1.864	0.13521857026585765
1.865	0.1351720464627935
1.866	0.13518365818464925
1.867	0.13520677816475724
1.868	0.13525002210080533
1.869	0.13534280515102673
1.87	0.13543932615040694
1.871	0.13553231336439647
1.872	0.1356165764250612
1.873	0.1357078959558446
1.874	0.13580797028915934
1.875	0.1358537745218254
1.8760000000000001	0.13593211747791378
1.877	0.1359991268491955
1.8780000000000001	0.13601852936279946
1.879	0.1360418406219902
1.8800000000000001	0.13605111944653442
1.881	0.13600106876448761
1.8820000000000001	0.1359440424434922
1.883	0.13588460133082447
1.8840000000000001	0.1358585675564145
1.885	0.13577629141924388
1.8860000000000001	0.13569648302647314
1.887	0.13560933925460356
1.8880000000000001	0.13552124430064486
1.889	0.135410185925187
1.8900000000000001	0.13533766304631983
1.891	0.13532153336136424
1.8920000000000001	0.13530990848097668
1.893	0.13524690925437405
1.8940000000000001	0.135251440018784
1.895	0.1351979701213719
1.8960000000000001	0.1351658940205196
1.897	0.13511853756529665
1.8980000000000001	0.13508812488724276
1.899	0.13506664857817274
1.9000000000000001	0.13497995489631198
1.901	0.1348944656260283
1.9020000000000001	0.13478499386561058
1.903	0.1346613619720455
1.9040000000000001	0.1345839893293793
1.905	0.1345524131471491
1.9060000000000001	0.13456703542935355
1.907	0.13457831929736366
1.9080000000000001	0.13459419281280285
1.909	0.13460681062341803
1.9100000000000001	0.13462907448325848
1.911	0.13461270573202844
1.9120000000000001	0.13461696339732154
1.913	0.1345807147930119
1.9140000000000001	0.13452417609061265
1.915	0.13449885588761612
1.9160000000000001	0.13449089399061281
1.917	0.13447959857047656
1.9180000000000001	0.13441730405019403
1.919	0.13441993229028568
1.92	0.13442976732351877
1.921	0.13445597447598798
1.922	0.13449649187727267
1.923	0.13455558427055545
1.924	0.13462551833996134
1.925	0.13465204188187008
1.926	0.1347088214866181
1.927	0.13474183531248032
1.928	0.13477709971891105
1.929	0.13482557149396637
1.93	0.13485055455496717
1.931	0.1349060644013957
1.932	0.13494949579485715
1.933	0.13496352176610865
1.934	0.1349609609357185
1.935	0.1349554153309528
1.936	0.13489249300875591
1.937	0.13486154807305967
1.938	0.13484930405256193
1.939	0.13482762456646794
1.94	0.13478098780071374
1.941	0.13473466444372423
1.942	0.1347105004634344
1.943	0.13465443249448386
1.944	0.13461725356495108
1.945	0.1346415728688236
1.946	0.13470296287786154
1.947	0.13474602344480902
1.948	0.13481509575761325
1.949	0.13491602535887154
1.95	0.13500936330524202
1.951	0.13510990728841574
1.952	0.13522097735180974
1.953	0.1353164002062455
1.954	0.13540344839312682
1.955	0.13549005946391132
1.956	0.13552396891915772
1.957	0.13553592324276414
1.958	0.13556467798509633
1.959	0.1356355788564234
1.96	0.13573919620907238
1.961	0.13585094578618767
1.962	0.13588916070867774
1.963	0.13592091590730565
1.964	0.1359538151535561
1.965	0.1360012900309577
1.966	0.13603925462641378
1.967	0.13606841528409055
1.968	0.13610592185551232
1.969	0.1360792256614342
1.97	0.1360811416236927
1.971	0.13610815426293918
1.972	0.1361312171568298
1.973	0.13610590139264675
1.974	0.13612658607961955
1.975	0.13612320856261317
1.976	0.13612813163561394
1.977	0.13616187668578694
1.978	0.13624399865301842
1.979	0.13630118810100675
1.98	0.13635446812423271
1.981	0.13635291721308976
1.982	0.13636307031649186
1.983	0.1363430379370156
1.984	0.1363025516744661
1.985	0.1362730462164105
1.986	0.13626880517835385
1.987	0.13622318984436954
1.988	0.13617069925357647
1.989	0.13611507399497824
1.99	0.13610731868799106
1.991	0.13612871643283458
1.992	0.13617613586862562
1.993	0.13625626391086945
1.994	0.1363703089202324
1.995	0.13649602176611633
1.996	0.13663389751879326
1.997	0.13674984730345674
1.998	0.1368362567805512
1.999	0.13686002811019787
2.0	0.13691461787944811
2.001	0.13700344425808753
2.0020000000000002	0.1370649015534294
2.003	0.13716204858140665
2.004	0.13731726610552
2.005	0.1374596913444407
2.0060000000000002	0.13763179042618515
2.007	0.13776930250989453
2.008	0.1378899853242768
2.009	0.13800606970157123
2.0100000000000002	0.13809443280634304
2.011	0.13810246193721912
2.012	0.1381236639001354
2.013	0.1381601148676648
2.0140000000000002	0.13818526451654825
2.015	0.13823868568625652
2.016	0.13825871046933455
2.017	0.13833946804237032
2.0180000000000002	0.13837576664501608
2.019	0.1384345959868715
2.02	0.13858086308502143
2.021	0.1387281269701359
2.0220000000000002	0.1388607035760487
2.023	0.1389826787860058
2.024	0.13911703847051077
2.025	0.13923155084546815
2.0260000000000002	0.13937650556511025
2.027	0.13951228404752503
2.028	0.13961562706750075
2.029	0.13969030686906891
2.0300000000000002	0.1397609466064847
2.031	0.13978166179168916
2.032	0.1398236685405286
2.033	0.1398121510347254
2.0340000000000003	0.13981219117218707
2.035	0.13975786209830268
2.036	0.13976056099623907
2.037	0.1397125131825068
2.0380000000000003	0.13972416841834245
2.039	0.13972406578357263
2.04	0.1396994722284269
2.041	0.1396944011029794
2.0420000000000003	0.13973307921333636
2.043	0.1397405896299669
2.044	0.13975461485172325
2.045	0.13976778546851376
2.0460000000000003	0.1398257543924145
2.047	0.13987631126861502
2.048	0.1398952013539774
2.049	0.13993011636260844
2.05	0.13992531664118177
2.051	0.13992775433881807
2.052	0.13991947966188276
2.053	0.13986830011993756
2.054	0.1398316477401158
2.055	0.13973968441804424
2.056	0.13968691710394213
2.057	0.13965343214376807
2.058	0.139611010230524
2.059	0.13959403083253494
2.06	0.13958404220688092
2.061	0.13953011778415475
2.062	0.13950094461172247
2.063	0.13950178029941185
2.064	0.13954590429985192
2.065	0.1396155762573471
2.066	0.13967880464910365
2.067	0.13974466448045308
2.068	0.13982273492120925
2.069	0.13986334430940814
2.07	0.1399019608835822
2.071	0.13996147695110128
2.072	0.1400362112935441
2.073	0.14013001447313597
2.074	0.14016612271640747
2.075	0.14017981866321305
2.076	0.14019542651588462
2.077	0.14017750427480624
2.078	0.14018284961584077
2.079	0.14018594583442642
2.08	0.1401709395892349
2.081	0.14016440516021442
2.082	0.14016582803147135
2.083	0.14013667469136415
2.084	0.14015755679278197
2.085	0.14017013949802254
2.086	0.1401478455497689
2.087	0.1401359057888446
2.088	0.14012732473158668
2.089	0.14013621115466432
2.09	0.14012199612860063
2.091	0.14008464399242476
2.092	0.14005435402801764
2.093	0.1400578994874224
2.094	0.140065865043419
2.095	0.1400971118775375
2.096	0.14013480011677748
2.097	0.140197937495653
2.098	0.14026270447411013
2.099	0.14034943405038033
2.1	0.14045667744107043
2.101	0.14049287550023634
2.102	0.14058076179857912
2.103	0.14060952291700524
2.104	0.1406531391872441
2.105	0.14064189440175662
2.106	0.14058782500912503
2.107	0.14051018959897404
2.108	0.1403960231121995
2.109	0.1402708404754226
2.11	0.14010265442596376
2.111	0.13995482711409815
2.112	0.13983316285311168
2.113	0.13970367115778035
2.114	0.1395689278294918
2.115	0.13945395500656055
2.116	0.1393454615299032
2.117	0.1392078190862085
2.118	0.13901767116141012
2.119	0.13888111318028057
2.12	0.13876965680078082
2.121	0.1386239976960156
2.122	0.13846919344400355
2.123	0.13839638500566523
2.124	0.13831707151229108
2.125	0.13816464370886394
2.126	0.13797998990524785
2.1270000000000002	0.1378039101932292
2.128	0.13758877552589918
2.129	0.13738270575122827
2.13	0.1371885862922379
2.1310000000000002	0.13700719023973906
2.132	0.13683471756257298
2.133	0.1366442709877712
2.134	0.13646471882178332
2.1350000000000002	0.13633465707636352
2.136	0.13619957975476002
2.137	0.13610231482403812
2.138	0.13602271065459393
2.1390000000000002	0.13594499599343537
2.14	0.13582708769232574
2.141	0.1357760791874125
2.142	0.13575297401787256
2.1430000000000002	0.1357214164546124
2.144	0.1357115000762888
2.145	0.13577701285782634
2.146	0.13580365813407527
2.1470000000000002	0.1358349859886767
2.148	0.13583495085348518
2.149	0.13579672560005634
2.15	0.13578347930739074
2.1510000000000002	0.13570700028843394
2.152	0.1356053187667898
2.153	0.13551442714917253
2.154	0.13541873643030614
2.1550000000000002	0.13532471459528805
2.156	0.13519037266673425
2.157	0.135126802070289
2.158	0.13505557199237056
2.1590000000000003	0.13496751057626966
2.16	0.13488607862027155
2.161	0.13480134881193861
2.162	0.13474927133929848
2.1630000000000003	0.13465648116350237
2.164	0.1345516369098341
2.165	0.13445740245041776
2.166	0.13429858380348253
2.1670000000000003	0.13412793590656116
2.168	0.1340155926463137
2.169	0.13388418172306044
2.17	0.1338285932348593
2.1710000000000003	0.13370360450299446
2.172	0.13359071749237136
2.173	0.13348937049619092
2.174	0.13336158596238756
2.1750000000000003	0.13329511223891566
2.176	0.13321552772447084
2.177	0.13317340551265539
2.178	0.1331428847672394
2.179	0.133145536821823
2.18	0.13313639658690274
2.181	0.13312934036338367
2.182	0.13309454915527086
2.183	0.13306581821824917
2.184	0.13294803348807188
2.185	0.13284446640391898
2.186	0.13270859452851022
2.187	0.13257100657247772
2.188	0.13241676547476117
2.189	0.13223868940745695
2.19	0.13209917278726052
2.191	0.13193775212641978
2.192	0.1317037586456527
2.193	0.1315128497589865
2.194	0.1313261074207626
2.195	0.13116145258585263
2.196	0.13100786971534428
2.197	0.130913936529814
2.198	0.13085270589056483
2.199	0.13081281758921406
2.2	0.13075713623293156
2.201	0.13074715306297252
2.202	0.13073154559936917
2.203	0.13065525527942243
2.204	0.13057154964020853
2.205	0.1304380054898487
2.206	0.13027353467703884
2.207	0.13009742566295993
2.208	0.1299020375207263
2.209	0.12968881210486732
2.21	0.12946860129964688
2.211	0.12929129266068873
2.212	0.12903791715087093
2.213	0.12882844587975273
2.214	0.12863560766325555
2.215	0.1284940917810512
2.216	0.1283826614565916
2.217	0.12832521137264966
2.218	0.12831474968132286
2.219	0.12829386546238117
2.22	0.12822419046681177
2.221	0.12815039014679602
2.222	0.12805291468177457
2.223	0.12799413256693087
2.224	0.12782997312362973
2.225	0.12768687446386323
2.226	0.12753333437129
2.227	0.127399538422374
2.228	0.12728443903079864
2.229	0.1271231464981712
2.23	0.12698633788820962
2.231	0.12690958417173115
2.232	0.1268665594991318
2.233	0.12687272270672142
2.234	0.12686802800131378
2.235	0.12681173560637665
2.236	0.12678151739564125
2.237	0.12672774897335426
2.238	0.12667490146581586
2.239	0.12660285679208708
2.24	0.12652875238317485
2.241	0.12643252046637604
2.242	0.12629617467430374
2.243	0.12619357244298235
2.244	0.12614190024664937
2.245	0.1261010307564675
2.246	0.12610009003761544
2.247	0.1260803125361445
2.248	0.1260148207179462
2.249	0.1259543455008145
2.25	0.12590707492607062
2.251	0.12585846834680997
2.2520000000000002	0.1257809086728599
2.253	0.12567156389621575
2.254	0.12549025716388118
2.255	0.12530786670907604
2.2560000000000002	0.12516526662383964
2.257	0.12499835455947232
2.258	0.12484480973455736
2.259	0.12467203472418836
2.2600000000000002	0.1245011358469311
2.261	0.12434234843933978
2.262	0.12414108018802229
2.263	0.1240128882356088
2.2640000000000002	0.12400841780365672
2.265	0.12398396667511447
2.266	0.12391273854798035
2.267	0.12381162737158487
2.2680000000000002	0.12370166936158065
2.269	0.12357979808711324
2.27	0.12340215218696883
2.271	0.12320914862861389
2.2720000000000002	0.12302068226203983
2.273	0.12281315900559978
2.274	0.12263107667809708
2.275	0.12245771862937067
2.2760000000000002	0.12224305031001129
2.277	0.12206687408805364
2.278	0.12187404141483202
2.279	0.12169432865578832
2.2800000000000002	0.12150202515108866
2.281	0.12131476447452727
2.282	0.12112865435610262
2.283	0.1209508960598591
2.2840000000000003	0.12075640885774076
2.285	0.1204984365137454
2.286	0.12023779194826797
2.287	0.11997281734413469
2.2880000000000003	0.11974052089684242
2.289	0.11956858742163995
2.29	0.11939354821758988
2.291	0.11921038728827099
2.2920000000000003	0.11900136724535508
2.293	0.11876370992210726
2.294	0.11853749040140019
2.295	0.11840394493825819
2.2960000000000003	0.11830298954555037
2.297	0.11823188634342596
2.298	0.11811754606194023
2.299	0.11800729307247669
2.3000000000000003	0.11789011078420529
2.301	0.11780497062940629
2.302	0.11774616015067316
2.303	0.11764989845384823
2.3040000000000003	0.11754776233858107
2.305	0.11741976806730144
2.306	0.11723002019162965
2.307	0.11700329267200957
2.308	0.11674171173256451
2.309	0.11649787712464552
2.31	0.11621038213326954
2.311	0.11590269246163239
2.312	0.11565750611104096
2.313	0.11540624782603184
2.314	0.11517136275454332
2.315	0.11486937515080282
2.316	0.11454913928308631
2.317	0.11418347488711686
2.318	0.1138241507871822
2.319	0.11342300984259271
2.32	0.11305912155516515
2.321	0.11273152393864887
2.322	0.112394591630367
2.323	0.11207669397224053
2.324	0.11175050909441196
2.325	0.11146398460551983
2.326	0.11119326693078035
2.327	0.11095929190055341
2.328	0.11069398428990765
2.329	0.1104817404599625
2.33	0.11025589031584213
2.331	0.1099916067266664
2.332	0.10970210027205105
2.333	0.10939826926035816
2.334	0.10908145949498545
2.335	0.10874841326385541
2.336	0.10842921071115479
2.337	0.10812726274820425
2.338	0.10778997834483453
2.339	0.10741509430262366
2.34	0.10708273151071138
2.341	0.10672916975184339
2.342	0.10635703404650351
2.343	0.10596889508650778
2.344	0.10559411577832319
2.345	0.10517016162499322
2.346	0.1047167938042154
2.347	0.10423522924967175
2.348	0.10373992163467785
2.349	0.1032552646290027
2.35	0.10275238958921816
2.351	0.1022565443294403
2.352	0.10180870672960467
2.353	0.10133708290764878
2.354	0.10087586720138063
2.355	0.10049268009891905
2.356	0.10011130872150172
2.357	0.0997245392396123
2.358	0.0993776793769312
2.359	0.09901024360979141
2.36	0.09866012721369573
2.361	0.09832401041286935
2.362	0.0979597558415903
2.363	0.09757745931316926
2.364	0.09715904582920801
2.365	0.09675091939698136
2.366	0.09634932897084318
2.367	0.09598274952289129
2.368	0.09563425107071136
2.369	0.09536357593453906
2.37	0.09504410770666123
2.371	0.09478925644936513
2.372	0.09449508208323601
2.373	0.09419898252327946
2.374	0.09388741710841988
2.375	0.09354057540751926
2.376	0.09320743323680625
2.3770000000000002	0.09293702295896815
2.378	0.09264032991713131
2.379	0.09239317869700017
2.38	0.09214630299853588
2.3810000000000002	0.09189246572204558
2.382	0.09169410083001273
2.383	0.09156770635354879
2.384	0.09140414288257992
2.3850000000000002	0.09126661046424453
2.386	0.09119942593789779
2.387	0.09120314016487173
2.388	0.09121288910226107
2.3890000000000002	0.09126786559940896
2.39	0.09123128798663173
2.391	0.09121658083338605
2.392	0.09118678963464016
2.3930000000000002	0.09115050505418854
2.394	0.09103429631766229
2.395	0.09088344020917061
2.396	0.0906989949206203
2.3970000000000002	0.09049263341071065
2.398	0.09028205620652249
2.399	0.09011767176866048
2.4	0.08995538441435123
2.4010000000000002	0.089789788014662
2.402	0.08962272745670985
2.403	0.08943578452622812
2.404	0.08920563595580074
2.4050000000000002	0.08899117671032053
2.406	0.08872691820978315
2.407	0.088546452823179
2.408	0.08838010549634602
2.4090000000000003	0.0882532156440114
2.41	0.08813408228317737
2.411	0.0880430368918607
2.412	0.0879840307126482
2.4130000000000003	0.0878854485772426
2.414	0.08780742448765598
2.415	0.08773337724037095
2.416	0.08762057670434532
2.4170000000000003	0.08747585163538034
2.418	0.08734075983379147
2.419	0.08717141200633118
2.42	0.08706212107947285
2.4210000000000003	0.08699903673972324
2.422	0.0868827647342515
2.423	0.08675037792771181
2.424	0.08664485086561217
2.4250000000000003	0.08653565112974745
2.426	0.08640765783726603
2.427	0.08628267175397442
2.428	0.08616393698265239
2.4290000000000003	0.0860361738900606
2.43	0.08590564047012766
2.431	0.08577688624316747
2.432	0.08572158108459745
2.433	0.08564552220490593
2.434	0.08561357215424578
2.435	0.08557920255239002
2.436	0.08547551948510602
2.437	0.08531284901080587
2.438	0.08522433310006995
2.439	0.08506586933564768
2.44	0.0848411249798157
2.441	0.08462738981051092
2.442	0.0844523784002814
2.443	0.08428214046031819
2.444	0.08410868142674446
2.445	0.08396278809159265
2.446	0.08381119786579097
2.447	0.08363835224279301
2.448	0.08346692725357714
2.449	0.08328710367302287
2.45	0.0831410855424419
2.451	0.08302593153706059
2.452	0.08300331865443085
2.453	0.08298375627977032
2.454	0.0829716617100953
2.455	0.08291872535184629
2.456	0.08286584528401776
2.457	0.08273558541547223
2.458	0.0825942870314113
2.459	0.08246936960259733
2.46	0.08230697159060953
2.461	0.08212135912820455
2.462	0.08195706099908935
2.463	0.08172753563567109
2.464	0.08155499578501241
2.465	0.08138613547138528
2.466	0.08119560492831189
2.467	0.0810207927906278
2.468	0.080793300720196
2.469	0.08062068474761762
2.47	0.08048142918208619
2.471	0.0803214747610056
2.472	0.08015054702093388
2.473	0.08000612962314094
2.474	0.0798904962323455
2.475	0.07976962569150207
2.476	0.07960874440690129
2.477	0.07949364508381274
2.478	0.07935350448549618
2.479	0.07926338332280053
2.48	0.07910465629436808
2.481	0.0789793061842026
2.482	0.07879697045809923
2.483	0.07861845779478673
2.484	0.0784277079664114
2.485	0.0782326957002689
2.486	0.07801730285954815
2.487	0.07779429203071916
2.488	0.07760906073577062
2.489	0.07736134527162679
2.49	0.0771580623219007
2.491	0.07697945165036875
2.492	0.07681173449826167
2.493	0.07662813222369187
2.494	0.07647195412452759
2.495	0.07629929655280865
2.496	0.07611727971882577
2.497	0.0759251171944704
2.498	0.07575280883597729
2.499	0.07562573490234938
2.5	0.07549944981471858
2.501	0.07531229706689375
2.5020000000000002	0.07515612380330022
2.503	0.07502329404064664
2.504	0.07484909861799312
2.505	0.07470944323574977
2.5060000000000002	0.07456442138700314
2.507	0.07443888268063469
2.508	0.07432735180691392
2.509	0.07420751229750454
2.5100000000000002	0.07407558459853422
2.511	0.07398106449322864
2.512	0.07391608452535232
2.513	0.07388096241115359
2.5140000000000002	0.07380296424551633
2.515	0.07372797751959599
2.516	0.0737007847526472
2.517	0.07363029296047789
2.5180000000000002	0.07351486168274579
2.519	0.07340001382217344
2.52	0.07329068941752079
2.521	0.07321233604368733
2.5220000000000002	0.0731246697336605
2.523	0.07301373251368651
2.524	0.07287220092927353
2.525	0.07275747036945641
2.5260000000000002	0.07265461517737254
2.527	0.07258867126565782
2.528	0.07254833379219745
2.529	0.07254306492134506
2.5300000000000002	0.07256816831521619
2.531	0.07261444795571678
2.532	0.07266043834901523
2.533	0.07271236700716585
2.5340000000000003	0.0727483375646401
2.535	0.07277561598721857
2.536	0.07279652276537232
2.537	0.07281817790865802
2.5380000000000003	0.07282961421541559
2.539	0.07286522289075427
2.54	0.0729033304106517
2.541	0.07292291280206904
2.5420000000000003	0.07293095797461394
2.543	0.07293405700415789
2.544	0.07290458491980742
2.545	0.07289224439584577
2.5460000000000003	0.07286272344418944
2.547	0.07281121602988698
2.548	0.07270170435336394
2.549	0.07255363519988932
2.5500000000000003	0.07238745231946433
2.551	0.07222631758689639
2.552	0.07201290765683369
2.553	0.07174525506365217
2.5540000000000003	0.07143504232902102
2.555	0.0711456238722324
2.556	0.07093734571523387
2.557	0.07070656538233933
2.5580000000000003	0.07049535628881598
2.559	0.0702921730390541
2.56	0.07012265148526875
2.561	0.06991330158966251
2.562	0.0697635109917172
2.563	0.06956553454948267
2.564	0.06940923787922111
2.565	0.06928066685742292
2.566	0.06912257182855988
2.567	0.06896272563231072
2.568	0.06882613373040905
2.569	0.0686920625191075
2.57	0.06859398648607914
2.571	0.06854524303257462
2.572	0.06846936285794478
2.573	0.06838831280757363
2.574	0.06833505051487763
2.575	0.0682564846457577
2.576	0.06815136883036708
2.577	0.06810794145415827
2.578	0.0680087907911543
2.579	0.067928597707392
2.58	0.06782788127075262
2.581	0.06774898205273376
2.582	0.067688167021156
2.583	0.06761467109766685
2.584	0.0675065098972281
2.585	0.06739360057928628
2.586	0.06728514301420842
2.587	0.06722624113406962
2.588	0.06719073836356568
2.589	0.06712170918440713
2.59	0.06708949824421366
2.591	0.06698330631579871
2.592	0.06687776877130919
2.593	0.06682043457672758
2.594	0.06676904809632753
2.595	0.06669775374044903
2.596	0.06658786461854777
2.597	0.0663741061572751
2.598	0.06617840381229145
2.599	0.06600639796937298
2.6	0.06585462843291716
2.601	0.065708449697502
2.602	0.0655554206164209
2.603	0.06547282978033256
2.604	0.0653971564944711
2.605	0.06532666929664485
2.606	0.0652722663714326
2.607	0.06522008802093983
2.608	0.06519691933525687
2.609	0.06520647162509825
2.61	0.0651709689904953
2.611	0.06516423911767748
2.612	0.0651192089347166
2.613	0.06509866022218198
2.614	0.06506911372702735
2.615	0.06500351357157995
2.616	0.0649450025873341
2.617	0.0648678544344607
2.618	0.06479531818417746
2.619	0.06470581232387757
2.62	0.06464833267619433
2.621	0.06460671437404035
2.622	0.06456662156841048
2.623	0.06450426289328388
2.624	0.064355197267757
2.625	0.06425301289356186
2.626	0.06415145891489774
2.6270000000000002	0.0640068811391211
2.628	0.06384308743054111
2.629	0.06368222305882308
2.63	0.06355892258497373
2.6310000000000002	0.06346207306796027
2.632	0.06336843007248306
2.633	0.0632765733227289
2.634	0.06316916027388562
2.6350000000000002	0.06304235020240481
2.636	0.06292583161163263
2.637	0.06276045406449006
2.638	0.06257355495498357
2.6390000000000002	0.06247998511708617
2.64	0.06237831420114207
2.641	0.06224578112746001
2.642	0.062129101231976465
2.6430000000000002	0.06203774607454766
2.644	0.061940474126627204
2.645	0.06180168357656488
2.646	0.06170056738306706
2.6470000000000002	0.061595922857521176
2.648	0.061529373183338974
2.649	0.06143924481519417
2.65	0.06135967150235703
2.6510000000000002	0.06129648044456339
2.652	0.061247888002303
2.653	0.06122519709178075
2.654	0.06119248939332437
2.6550000000000002	0.06121458607499681
2.656	0.06124053930581215
2.657	0.06122995187359557
2.658	0.06124367189640716
2.6590000000000003	0.061218963438365456
2.66	0.0611692533392612
2.661	0.06110369189736947
2.662	0.061035382663420575
2.6630000000000003	0.061038228971677495
2.664	0.06104206462955542
2.665	0.06106212652181004
2.666	0.061152036382887645
2.6670000000000003	0.06120333834843178
2.668	0.06121672442886803
2.669	0.061272943700817095
2.67	0.061325500040222795
2.6710000000000003	0.061397513245920285
2.672	0.061509832859869676
2.673	0.061604954238433283
2.674	0.06171779138845364
2.6750000000000003	0.06180223122387128
2.676	0.06189840712745239
2.677	0.06200135644470536
2.678	0.06212245803137558
2.6790000000000003	0.06221509912946429
2.68	0.06229321119603556
2.681	0.062432893203295405
2.682	0.06254207339879135
2.6830000000000003	0.06258370383406565
2.684	0.0625802141341995
2.685	0.06257210747819907
2.686	0.06252650809184417
2.6870000000000003	0.062468165015303626
2.688	0.06236819821607412
2.689	0.062228727256322794
2.69	0.06205873750217108
2.691	0.06183243065118628
2.692	0.061686130970471056
2.693	0.06151052873415447
2.694	0.06131371192443116
2.695	0.061167761904090484
2.696	0.06102636535600366
2.697	0.060871064681688694
2.698	0.06067037521689983
2.699	0.06053912540443413
2.7	0.06042158413101843
2.701	0.06027846478472462
2.702	0.06016967236064332
2.703	0.060072217646103876
2.704	0.05998071953503661
2.705	0.05985439656927417
2.706	0.05973605648249557
2.707	0.059661537237191205
2.708	0.05958229634431054
2.709	0.05946836957069142
2.71	0.059350693673826276
2.711	0.059219332198473924
2.712	0.05910242135472931
2.713	0.05896560850285395
2.714	0.058817678562274135
2.715	0.05864879023991234
2.716	0.05846947869678158
2.717	0.058373234814032865
2.718	0.058250450147671745
2.719	0.05817335783380557
2.72	0.05807334753816813
2.721	0.05798550952885124
2.722	0.057880740575970854
2.723	0.05777366074245088
2.724	0.057727684299495666
2.725	0.05766957702255298
2.726	0.0576100215978554
2.727	0.05758914118083458
2.728	0.05761514283317467
2.729	0.057623309094509155
2.73	0.05762934835699998
2.731	0.05766819474957677
2.732	0.05774115645624531
2.733	0.05779318223857581
2.734	0.05782133343717668
2.735	0.0578569243997161
2.736	0.05792324486211723
2.737	0.05790487070246864
2.738	0.057902881464960705
2.739	0.057942562663189125
2.74	0.057935985453336836
2.741	0.05792549347824163
2.742	0.057933346580816225
2.743	0.057879489003700574
2.744	0.0578423578001167
2.745	0.05778252068283934
2.746	0.057758617878004834
2.747	0.05775111106213605
2.748	0.0577735648436072
2.749	0.05776517216316458
2.75	0.05781831007105283
2.751	0.05785198384479217
2.7520000000000002	0.05789599374401912
2.753	0.057949439843223455
2.754	0.05801627116216511
2.755	0.05808478673516049
2.7560000000000002	0.058071932251102715
2.757	0.05804525446166271
2.758	0.05804599976806513
2.759	0.058035662707641295
2.7600000000000002	0.05801465230876436
2.761	0.05804105345478343
2.762	0.05806342582757002
2.763	0.05808759249527918
2.7640000000000002	0.05806624080391248
2.765	0.05804550334665206
2.766	0.058031562761770975
2.767	0.05794015789403067
2.7680000000000002	0.057798471045939485
2.769	0.05767137096212014
2.77	0.057564069496637324
2.771	0.05746844001080195
2.7720000000000002	0.057396677470089114
2.773	0.05731961769328529
2.774	0.0572782978101339
2.775	0.05724749977656169
2.7760000000000002	0.05715922453221129
2.777	0.05707995394119574
2.778	0.057003768150957326
2.779	0.05699277345138453
2.7800000000000002	0.056988223186113476
2.781	0.05693162813817347
2.782	0.0568450336887027
2.783	0.05677799977812704
2.7840000000000003	0.056697289557227956
2.785	0.0566585132739717
2.786	0.05658539256906875
2.787	0.05653633315642642
2.7880000000000003	0.056531976188970885
2.789	0.05654134732662007
2.79	0.056576991093106634
2.791	0.05660290307782482
2.7920000000000003	0.056648547133522215
2.793	0.056680118175396935
2.794	0.0567172153110689
2.795	0.056737526578737936
2.7960000000000003	0.05671762517853309
2.797	0.056682478358083314
2.798	0.05660009537182515
2.799	0.056502301901989745
2.8000000000000003	0.05648023593949784
2.801	0.056404612001901985
2.802	0.05626036599188416
2.803	0.05607821895929619
2.8040000000000003	0.05590237396878401
2.805	0.055735255314033345
2.806	0.05558028746548327
2.807	0.0554098352328636
2.8080000000000003	0.0552729641812192
2.809	0.05513709336220326
2.81	0.05507965081322931
2.811	0.055023914022847425
2.8120000000000003	0.05498727964713843
2.813	0.054936178543435916
2.814	0.05487548432445742
2.815	0.05476738250955882
2.816	0.054572496462526966
2.817	0.054390404019520784
2.818	0.05424940189615273
2.819	0.05412035476979048
2.82	0.05394942787161862
2.821	0.05381663075565608
2.822	0.053717477774104634
2.823	0.053603963876512215
2.824	0.053478749860277786
2.825	0.05339513021460803
2.826	0.05330815276384459
2.827	0.053196772512272714
2.828	0.053121734888738247
2.829	0.053043376454896846
2.83	0.05296201166314441
2.831	0.05288938182570821
2.832	0.05287944038320945
2.833	0.052802125457107586
2.834	0.0527333391774863
2.835	0.05260457328924028
2.836	0.05248571788855867
2.837	0.05235580703351056
2.838	0.05219243808179772
2.839	0.05203580460389013
2.84	0.051844797469452336
2.841	0.05169603922866934
2.842	0.05151864479214179
2.843	0.05132544488508472
2.844	0.051130324587637936
2.845	0.05091927551638097
2.846	0.050702978656402664
2.847	0.05042735800177454
2.848	0.05018453953453851
2.849	0.04989734087959253
2.85	0.049622960610401064
2.851	0.049350825992593196
2.852	0.04915953954787951
2.853	0.04901946716343762
2.854	0.048875221039462555
2.855	0.04878394194062915
2.856	0.048664344058424014
2.857	0.04857522610077938
2.858	0.04849982641674749
2.859	0.048421466216575504
2.86	0.04832844091831828
2.861	0.048228607608353354
2.862	0.04816369299655425
2.863	0.04804234120564415
2.864	0.0479275571118161
2.865	0.047741497052504064
2.866	0.04757332821228121
2.867	0.047341315496631474
2.868	0.04712543515455312
2.869	0.046873747298097464
2.87	0.04662569480897878
2.871	0.04642649133171174
2.872	0.046234426658210474
2.873	0.04610199391150832
2.874	0.04596333115592261
2.875	0.04578065883810291
2.876	0.04559942986391603
2.8770000000000002	0.04542046062079892
2.878	0.045260990779747975
2.879	0.04509487067461086
2.88	0.04494785477232343
2.8810000000000002	0.044825822335028985
2.882	0.044694140207434285
2.883	0.04459310987604582
2.884	0.044431193612429566
2.8850000000000002	0.044205364405063875
2.886	0.04396704906131832
2.887	0.04371555849648116
2.888	0.04346714896380327
2.8890000000000002	0.043205276140433416
2.89	0.042959738551840154
2.891	0.042703581062509
2.892	0.04253283689685346
2.8930000000000002	0.0423904397403159
2.894	0.04228434889758707
2.895	0.042148448674279804
2.896	0.04202282739929903
2.8970000000000002	0.04191996625463791
2.898	0.04183557005574157
2.899	0.04173271524777873
2.9	0.041669433401336636
2.9010000000000002	0.04167096744633515
2.902	0.04164218720219256
2.903	0.04158184056896705
2.904	0.04155382002447065
2.9050000000000002	0.04151128701842048
2.906	0.041468757414055785
2.907	0.041443269463091126
2.908	0.04142216431205299
2.9090000000000003	0.041416728199423644
2.91	0.041376069952907685
2.911	0.04135353437607875
2.912	0.041325342864904364
2.9130000000000003	0.04126512793692152
2.914	0.04118315024114085
2.915	0.04109499573184931
2.916	0.04099694197707767
2.9170000000000003	0.04096766404087705
2.918	0.040928096369994706
2.919	0.04092523784434542
2.92	0.0408945485141989
2.9210000000000003	0.040889266971553824
2.922	0.040893279288432234
2.923	0.040897685821680275
2.924	0.040899260412708076
2.9250000000000003	0.04090997445990644
2.926	0.040869222721649154
2.927	0.04085101577056819
2.928	0.04083226357236322
2.9290000000000003	0.04083089819634044
2.93	0.040865805497658836
2.931	0.040848942148256205
2.932	0.04081580545195234
2.9330000000000003	0.0407548658407341
2.934	0.04061632429286669
2.935	0.04051951264724748
2.936	0.040449922361250466
2.9370000000000003	0.040349581431765966
2.938	0.040324947813352684
2.939	0.040348798343984166
2.94	0.04044880741968149
2.9410000000000003	0.040615154710800114
2.942	0.040812313956234726
2.943	0.0409702599276722
2.944	0.04115080824590358
2.945	0.04127218585577252
2.946	0.04139599288144419
2.947	0.041555401053053366
2.948	0.041728618631801113
2.949	0.04187294681101469
2.95	0.042084140254389266
2.951	0.04229839152473109
2.952	0.04250404726829826
2.953	0.04266869887084269
2.954	0.042805240876060566
2.955	0.04298707307154924
2.956	0.043121743961460776
2.957	0.04326138308279999
2.958	0.04338112203344929
2.959	0.04351541947365463
2.96	0.04367802826180495
2.961	0.04381377767198215
2.962	0.043939729483601586
2.963	0.044051750316637564
2.964	0.04416085456334615
2.965	0.044241952844791106
2.966	0.04427195949349537
2.967	0.04425333934999074
2.968	0.04423902701584424
2.969	0.0441568682460003
2.97	0.044086698926381514
2.971	0.04401379324457055
2.972	0.043869479303545275
2.973	0.043740175458543445
2.974	0.043643685163342806
2.975	0.04358360105801416
2.976	0.043479486179844
2.977	0.04335828038494166
2.978	0.04329995967315101
2.979	0.04327979162112385
2.98	0.043227864498682295
2.981	0.04323604659865868
2.982	0.04324729978955653
2.983	0.04331136020186633
2.984	0.04336216715702176
2.985	0.04341032622799138
2.986	0.04343314450995492
2.987	0.04343282910209363
2.988	0.04342494147093605
2.989	0.04345052356404501
2.99	0.04341818811449279
2.991	0.04338369593039569
2.992	0.04337021602930134
2.993	0.04337236867910301
2.994	0.04335570843632566
2.995	0.04334737907247747
2.996	0.0432970235129164
2.997	0.043207768652682804
2.998	0.043161454385467195
2.999	0.04306795857747141
