Spins Simulated:	100000
Sample Rate:	1000.0
Sample Size:	1000
Read Time:	1.0
Diffusion (cm^2/sec):	1.0
Gradient (G/cm):	0.001
f0 (Hz):	250
Data Start:
0.0
0.9996720504791273
-0.04742169228432357
-0.9970534124332884
0.09469414642392898
0.9918315996294094
-0.14164374085066797
-0.984034952033438
0.18810940946577212
0.9736996420199407
-0.23396272358903766
-0.9608689261078058
0.2790303587327984
0.9456047270505572
-0.3231685427806717
-0.9279708740857529
0.36624624025699426
0.9080420875659905
-0.4081350058460036
-0.8858961405231763
0.4486950265750172
0.8616254479214049
-0.48781583233541276
-0.8353126099658105
0.5253949587367143
0.807066837680512
-0.5613038223117551
-0.7770002183058404
0.5954539614402193
0.7452197566029937
-0.6277555514415448
-0.7118446333158669
0.6581234816745223
0.67699837415574
-0.6864915176302473
-0.6408019067421246
0.7127905759352987
0.6033805855777505
-0.736962728707041
-0.5648701263294689
0.7589535369801497
0.5253981160439883
-0.7787207087853155
-0.48509523682679245
0.7962328459649204
0.4440907996267426
-0.8114769419444067
-0.40252569453329257
0.8244201788525527
0.3605604064971206
-0.835059056391526
-0.31830892123218685
0.8433891402659082
0.2759211841159718
-0.8494164375754132
-0.23352518909620418
0.8531628628293034
0.19124215381987925
-0.8546502018566701
-0.1492150377454546
0.8539224371165507
0.10755407357534265
-0.8510060647606403
-0.06639465991538145
0.84595284297103
0.025861953294938643
-0.8388156522257659
0.013942986663644052
0.8296587002299088
-0.0529029048836142
-0.8185528541533379
0.0909257912957807
0.8055627792877347
-0.12790634490390276
-0.7907674071303792
0.16374702497808358
0.7742425953291785
-0.19837379971997926
-0.7560820064154662
0.23169915206190478
0.7363673338378349
-0.26366741020153434
-0.715197529991788
0.2941820911807815
0.692675134478243
-0.3231869245522716
-0.6688905867256024
0.3506410384295318
0.6439476857374576
-0.3764760022345822
-0.6179572510753876
0.40066379085028025
0.5910233081456681
-0.42316214169060024
-0.5632475182988376
0.4439469060857978
0.5347272998577811
-0.4630039109966023
-0.5055706493663893
0.4803134271416172
0.4758834407950188
-0.49587270738390254
-0.44578429189102897
0.5096697843585901
0.4153661261565405
-0.5217137843399339
-0.38472477854387976
0.5320128428575293
0.3539618384460433
-0.5405764639700057
-0.32317272904711514
0.5474392032450855
0.29245288388810214
-0.5526237042434335
-0.2618981018155546
0.5561672757999934
0.2316102723174187
-0.5581026482914776
-0.2016665462049701
0.5584722815905427
0.17214631248903853
-0.5573296918275108
-0.14312519578120275
0.5547207291028681
0.11469810800635713
-0.5506897906200776
-0.08692009099360454
0.5452933190049948
0.05984999468666825
-0.5386027629829757
-0.033537661638784966
0.5306695751910319
0.0080437914419708
-0.5215561096059423
0.016573088433868077
0.511333039011575
-0.04026118807088885
-0.500072559057692
0.06297379634468701
0.4878489694914711
-0.08467843456007931
-0.47471433098820304
0.10533631825453582
0.4607463532107259
-0.1249322601624005
-0.44601942743009965
0.14342590327463361
0.43061247642966716
-0.16081917602027404
-0.4145853555045747
0.17708582667434647
0.3980091859815795
-0.19220473644126343
-0.3809557855328891
0.20617265605988408
0.3635008900268062
-0.2189771933917921
-0.345714900157827
0.2306346381407675
0.32765905009098906
-0.2411533136755737
-0.3094135166681576
0.25052355164887063
0.29103917428370013
-0.2587805851455268
-0.2726001577003187
0.26594057537131555
0.2541574243302522
-0.2720262261813103
-0.23576180840465474
0.27704553107496005
0.21747854049868093
-0.28102542991449125
-0.19936261862548826
0.2840027114615725
0.18146040901780242
-0.28599469933789856
-0.16382717790237392
0.287038527120997
0.14650035839816192
-0.28717869647663585
-0.12953711825215955
0.2864314421502904
0.11298179877571295
-0.28484896501059415
-0.09686434329199313
0.28246039411349255
0.08121957188057673
-0.2793169143593862
-0.06608247782858714
0.27547847718749213
0.051475257852915235
-0.2709726582249982
-0.03743050427662082
0.26584850141234073
0.02396568558577637
-0.26013456436332905
-0.01111044961385253
0.2538916087656077
-0.0011256963713181343
-0.24716192139753027
0.0127287080450731
0.23997949241747274
-0.02369378634459468
-0.23239014903532948
0.033995900146028844
0.2244491846145271
-0.043644329415295224
-0.21619969445263484
0.05264190316505663
0.20769489862133717
-0.060977327353891185
-0.19897693263149135
0.06865078819948302
0.19009068369805665
-0.07566869616830416
-0.1810682805308611
0.08203443945909811
0.17195135567427636
-0.08777101794988278
-0.16277375067501013
0.09288640395578095
0.15356868424632883
-0.097387016107168
-0.14437896256005803
0.10128806347985975
0.13523567827255376
-0.10460983917362622
-0.1261712832965512
0.10737191731578076
0.11720974665951167
-0.10957644248326097
-0.10838156117515868
0.11126011813091666
0.09970945284622625
-0.11244763020119986
-0.09121721115783228
0.11315795610541106
0.08292665470022367
-0.11341770930214086
-0.07487075943482328
0.11325407773828242
0.06706138171972928
-0.11269041289986388
-0.05951772121922135
0.11176159159778426
0.05223546995055541
-0.11047805413796442
-0.04524002674873454
0.1088589363243324
0.03854104560790159
-0.10693711789707878
-0.03214365418813063
0.10473495625389283
0.02605510834623058
-0.10227525230774974
-0.020298337493708653
0.09957562638896864
0.014856811065624682
-0.09667089772981531
-0.009741000214769072
0.09358149100158421
0.004957478922548034
-0.09034086734350676
-0.0004963667928815856
0.08696411375158718
-0.0036399804767894735
-0.08347544079510673
0.007450544352744741
0.0799047673541384
-0.010941780614424705
-0.07627115271639312
0.014128327671829389
0.07259110266394264
-0.017005513643111224
-0.06888396934304633
0.019584462151771953
0.0651577110528815
-0.021881721535643186
-0.06143269989146765
0.023902974117610616
0.05772434708882651
-0.025654286093793412
-0.054067575779793126
0.027148678233698927
0.05046370778187335
-0.028401986761233098
-0.04692142847717003
0.029408183413648592
0.043458856569635614
-0.030182334416236183
-0.04008071138980332
0.030741222729063145
0.03679062219527663
-0.03108828921391765
-0.03361284666631614
0.031247956791757712
0.030553612085604285
-0.031224948865314812
-0.027612568960220723
0.031038287918976948
0.024799480684005167
-0.030719570507198576
-0.022108034838939146
0.030263528870851302
0.019567036264347113
-0.029677983323777017
-0.017162910153958346
0.028992881029739404
0.014893695210798669
-0.02820838653523269
-0.01276461268256728
0.027333482179893474
0.010785869234075885
-0.026375318556834424
-0.00894817039712764
0.02535370603900922
0.007258970967143156
-0.024279639486571507
-0.005706637332772448
0.02318501299119619
0.004291324193557715
-0.022059647747958253
-0.003007006927403714
0.020905906632240134
0.0018382589412081545
-0.01975247452588789
-0.0007875187126550825
0.018592441330829584
-0.0001528345734050587
-0.017436107669650758
0.0009793340447575424
0.01629612900647281
-0.0017070582877386402
-0.015177401783141677
0.002333800250630671
0.01407126493586379
-0.0028667680528240893
-0.012988421574969676
0.003312618589009805
0.01193718683801219
-0.003670328837056486
-0.010925410236257472
0.003941474429613635
0.009960741501040324
-0.00413696932833455
-0.009036886077752384
0.004250801083468204
0.00815908955522108
-0.004308876591815383
-0.007344048528627294
0.0043174155381368465
0.006581613580152596
-0.004265206616914294
-0.005866524165657399
0.004172258534569511
0.005188621037355368
-0.004041804710553791
-0.00456480216107222
0.0038674429064234433
0.003995732089824606
-0.00367082183789936
-0.0034837982870957315
0.003452128146977918
0.003010060120845685
-0.003209790351928987
-0.002577954369961151
0.002962515923438236
0.002185958409495291
-0.0027175693155537853
-0.0018421004753228776
0.00246982830575271
0.001537139198209974
-0.0022215381679432907
-0.00127810223848579
0.001979949542179351
0.0010521610704016901
-0.0017424180836248654
-0.0008541926037106347
0.0015195570490887653
0.0006864262828269616
-0.0013014474463670443
-0.0005439977201848708
0.0010911500061759484
0.0004258709148466
-0.0008934804694957858
-0.00032825574907850095
0.0007156138019929587
0.0002523317450185996
-0.000555274697584043
-0.00019257782476715465
0.00041226769856569104
0.00016206064537937562
-0.00029007963805371934
-0.00013809577218526365
0.00018408865300850204
0.00012227771470913758
-0.0001055695495784301
-0.00013171348576313823
4.245021791595502e-05
0.00014442017595122023
-1.2944410807596764e-05
-0.0001680131574267975
-4.957508681506903e-06
0.00019075315397951774
4.115215779624419e-06
-0.0002125153518112579
1.0969420224667292e-05
0.0002274717051546879
-3.0527205003051e-05
-0.00023526816385024377
5.22023527667851e-05
0.00024386738963982143
-9.037383147776741e-05
-0.0002545646929286677
0.00014112936115773773
0.0002468058585898598
-0.0001988227223837127
-0.00021556167282868347
0.00026218504970863777
0.0001699926255525566
-0.00032396492839494864
-0.0001103812447225128
0.0003876029157665334
3.781603741922821e-05
-0.0004563210784179814
5.0846657316314484e-05
0.0005181781401667504
-0.00015146754126107203
-0.0005687842343137424
0.0002660767591473544
0.0006143722008423834
-0.00039205298582495145
-0.0006565400191642738
0.0005177600442684384
0.0007047559590275361
-0.0006390385683332168
-0.0007457033869689096
0.0007726156955440097
0.0007652994106802522
-0.0009237582728125515
-0.0007654926184258866
0.0010783907140791194
0.0007528683505920484
-0.0012410683716171723
-0.0007368481784569592
0.0014044993147943516
0.000715753151833522
-0.0015704513824921157
-0.0006879510336072406
0.0017396687904861373
0.0006464509396468576
-0.0019132943818799513
-0.0005841242091482718
0.0020791870043157415
0.0005076145785205486
-0.00223736891075266
-0.00040965778427070064
0.0023908715777705577
0.00028946087970373576
-0.0025427916417033653
-0.00015312085650585926
0.002683057995018027
-1.5194428841462283e-06
-0.002807287349756558
0.0001645421471579617
0.0029222955093313016
-0.0003312878732804563
-0.003027387352350926
0.0005043270854876801
0.0031216928249223515
-0.0006914955184162875
-0.0031928054192431788
0.000888333999435484
0.0032437934787150164
-0.00109162050440904
-0.003283172394703183
0.0013006118093906692
0.0033012473193075706
-0.0015033463745525821
-0.0033113411749919864
0.0017029041772788811
0.0033080873097474854
-0.0019049267518724464
-0.0032817950170713458
0.002111628739718842
0.003245020583818219
-0.0023127584103836266
-0.0031893297959804225
0.002515633289677276
0.0031272168679574415
-0.0027180618074379177
-0.003047466280798886
0.0029309448343274812
0.0029470900432535196
-0.0031403404804632366
-0.00282409756537166
0.0033505114888993403
0.002691620115158503
-0.0035634820999013864
-0.0025457242693018977
0.003770801664834376
0.002376021783863376
-0.003966193698683331
-0.0022000849220006097
0.004160984093037003
0.0019953905243656382
-0.004355109546092185
-0.001764203285395442
0.004541124944433217
0.0015193812240085587
-0.004724863460717242
-0.0012607900772786335
0.004903687810803466
0.0010080359368673417
-0.005056454027119183
-0.0007564509299990121
0.005191796594734879
0.0004878773958061891
-0.005308263758003353
-0.0002074853323013423
0.005400593588493643
-8.099082485214059e-05
-0.005476617781690186
0.00037531188005680827
0.005536331397952382
-0.0006742142569244742
-0.005580990455757321
0.0009802632721974255
0.0056072967973967765
-0.0012920419884473809
-0.005611776730070225
0.001615404358719616
0.005606744689139371
-0.0019434998879459327
-0.005587866221764619
0.0022741863200174913
0.005542677376129301
-0.002597829652398276
-0.005474345901405551
0.002921086602631668
0.005394804722877207
-0.0032413976469541266
-0.0052960454658770835
0.003559246321115416
0.005166685549583916
-0.0038767395723521567
-0.005010587434825927
0.004192077946486609
0.004837433527667927
-0.004495183142083419
-0.004628797103386192
0.004787256290785364
0.004401861076753925
-0.005066503575416903
-0.004144711517707909
0.0053273453905591855
0.0038770178632898016
-0.005572494689089406
-0.0035861467283901617
0.00579627861036665
0.003280616286031177
-0.0060102842205260465
-0.0029661363668005
0.006209466074481369
0.0026360623684386266
-0.006389415961701786
-0.002307051576004315
0.006547134733623236
0.001964083280303402
-0.006693351724142311
-0.001611889497055936
0.006823734599474904
0.0012568090325613891
-0.006943140042782991
-0.0008881929123218258
0.007041152772000719
0.0005097088782261967
-0.00711952717213277
-0.00012289099242185914
0.007174303446263132
-0.0002730883750231102
-0.007206017374165373
0.0006743589587317935
0.007207472820079821
-0.0010759982996886126
-0.0071807639866707535
0.0014825749050437704
0.007125519545519711
-0.0018792508064133988
-0.0070488229525589785
0.0022838412242616167
0.00694060329831043
-0.002674551678396213
-0.0068045206830950585
0.003045855469654849
0.006647048109669652
-0.003397033574584444
-0.0064686081712564
0.0037268839704290976
0.006276819552685597
-0.004039542496499326
-0.00607289241348017
0.004341835062821843
0.005857205523462419
-0.0046344874716137486
-0.005632976489640118
0.004911139245025222
0.005393110879853799
-0.005175995557717048
-0.005141024883620376
0.005420027792622672
0.004868664369841056
-0.005646156631563789
-0.004564058585442806
0.005862873179605871
0.004252350963353384
-0.006070498122566197
-0.003922278331150541
0.006251796347254572
0.00357834353834265
-0.0064211232784215705
-0.0032174070558127475
0.006586082349402222
0.002847343212240872
-0.006727883566651963
-0.002472627747316106
0.0068521181357566645
0.0020860973871327476
-0.006962940348500127
-0.0016847285109874305
0.0070500746772583014
0.0012809085515451421
-0.007116787573411359
-0.0008850360948547472
0.007158339847661796
0.0004914871218367231
-0.007174309825866995
-0.00010400408745845747
0.007175265931344882
-0.0002796844836461179
-0.0071468649541583835
0.0006618675021255326
0.007092711251099133
-0.001033138353917026
-0.0070226995075139305
0.0013997158951335879
0.006941899843451608
-0.0017455741479419297
-0.006845256718229499
0.0020898106487405783
0.00674106120518882
-0.002431780889201264
-0.0066159696804101095
0.0027570905257398074
0.006470512724075069
-0.003061553474002794
-0.006305709095501681
0.003353344888925093
0.006121548510920588
-0.003630691115246354
-0.0059125968570761045
0.0039000705707872506
0.005687963800941501
-0.004160022946078151
-0.005451601552745298
0.004408238484862105
0.005198157765456481
-0.004637896113339666
-0.004931772615416572
0.004846027026286094
0.0046521627164693696
-0.00503187104989617
-0.00436622256085587
0.005204322911157309
0.0040725412042422705
-0.0053630394650099784
-0.003768195578516524
0.005492944196424014
0.0034612046625346303
-0.005600281311214896
-0.0031442435385318534
0.005695832751590087
0.0028187416728288886
-0.005771829970027573
-0.0024830156267946152
0.005825460883243569
0.002149324353712306
-0.005867013489323508
-0.0018094817158570895
0.005902591867812715
0.001464801211687574
-0.005915031804651697
-0.0011287130864326808
0.005903399299803941
0.0008031146240793754
-0.005866729315757445
-0.0004915000265703797
0.005818307504013488
0.0001855253115271074
-0.005762665263848904
0.000118315061757947
0.005683369331953488
-0.0004114673941100571
-0.005586595839410737
0.0006975954996032011
0.005462578074783697
-0.0009798677092471616
-0.005331281783607922
0.0012601479330652116
0.005186421803308437
-0.001533231471389123
-0.005027953627409866
0.0017932550442415337
0.004858815657548345
-0.0020456049920382353
-0.0046750076814921675
0.002293684664188676
0.004474592585144529
-0.002519189990225044
-0.00425762504129822
0.0027413786771757777
0.004033654746053737
-0.0029416500905096593
-0.0038086358775287995
0.003124396563031576
0.003578452131213573
-0.0032891056882025644
-0.0033361455918814328
0.003435519812185478
0.0030819193262128096
-0.0035671412541869447
-0.0028211024830139863
0.0036919081059885476
0.002558108197512142
-0.0038159871572295357
-0.0022968123698859475
0.003923464798498799
0.0020333926041458373
-0.0040186554075609645
-0.0017663935768590334
0.004091549915799516
0.0015028534668388492
-0.0041491333275845916
-0.0012340327716313401
0.0041926727956506414
0.0009653086123015431
-0.004205287922840123
-0.0006898705013446936
0.004200762546953073
0.00041268313372457146
-0.004174463456854623
-0.00013503965420339083
0.004130104472923345
-0.00015760280777746732
-0.004068891353374034
0.0004428118420582928
0.003976598532541619
-0.0007236130235938542
-0.003858190253999949
0.0009898444896975411
0.003721059127752521
-0.0012411891633348614
-0.003573306877869666
0.0014736060388415345
0.0034146213223801495
-0.0016821374706091042
-0.003228956953159372
0.0018732813885410375
0.0030411103286543326
-0.0020521227976737205
-0.0028364875493000355
0.0022167736834715172
0.0026149527072220737
-0.0023684199606218157
-0.0023966106000832864
0.002510618889733469
0.00215970522042254
-0.002640655223185796
-0.0019203592206569382
0.002761631870999254
0.0016746750307698628
-0.002870375178345842
-0.0014285570110595153
0.0029551990390133996
0.0011813834484430286
-0.0030197082197218933
-0.0009284802375881107
0.0030644859433774643
0.0006691614583803464
-0.003084594380981301
-0.00041473662077990173
0.003088655213564559
0.00015032757830072871
-0.003064357379259014
0.00011183526384081163
0.0030130880817862494
-0.00037353192400541073
-0.002946843730827655
0.0006272118115952657
0.0028482208126315942
-0.000870712144043001
-0.0027246303189786625
0.0010923890995799634
0.0025938158237329857
-0.0013063677790222056
-0.002452126836712618
0.0015141319286840107
0.0022905574196187975
-0.0017044099523855023
-0.0021156816894580205
0.001888356873344744
0.0019370765602104295
-0.002061157089633783
-0.00174668951252908
0.0022181568314647974
0.0015445503976989853
-0.0023564173724320995
-0.0013265975921927348
0.0024748819806898787
0.0010988401205305567
-0.002569269730070089
-0.0008666109198116863
0.002639959225478695
0.0006281278760250683
-0.0026757613406826705
-0.0003937698168545333
0.002695759237742895
0.0001480742416308378
-0.0027006081263494207
0.00010309410448397529
0.00270466748393277
-0.0003558218814687452
-0.0026935312523199526
0.0005996722415331583
0.0026787783965112376
-0.0008503575717474217
-0.0026399294647421793
0.0010947081920506228
0.0025823182580924343
-0.0013290355682101839
-0.0025063234811887264
0.0015503157101669622
0.0024183100866839095
-0.0017619589240634806
-0.0023104333362909224
0.0019589263427280874
0.0021786589243021574
-0.002142157934568252
-0.002024880608208844
0.0023103381826826254
0.0018582027332296068
-0.0024658761807512986
-0.0016982582247489402
0.0025999044139617886
0.0015407128349472579
-0.002714838739714195
-0.0013808893310074727
0.002808987803896456
0.0012158901698731757
-0.002895810978643678
-0.0010376225506892394
0.0029709145554993903
0.0008485103021168235
-0.003033034351901963
-0.0006391113453493508
0.0030775295694052875
0.00041776574753730946
-0.003104044544615565
-0.00019812772236151667
0.003112760933680162
-1.5006446756834523e-05
-0.0031049345700189914
0.00023604053286221976
0.003086821060728682
-0.00046180969686853633
-0.003055750553845422
0.0006839345227603792
0.0030079091116390695
-0.0008973515350483036
-0.0029549758290560984
0.0010960395676843984
0.0028883132692052007
-0.0012979509433318048
-0.0028061067091549163
0.001492932290390663
0.0027108243102922647
-0.0016781574324792128
-0.002600897673433596
0.0018517870467804275
0.0024757082591303505
-0.002005436234678534
-0.0023449868265399973
0.0021402946551145902
0.002201828764799703
-0.002265467217824963
-0.0020509753586882328
0.002378540595819221
0.0018916154289398133
-0.002490372838227363
-0.0017328005035587477
0.0025967246687449074
0.001561709907093967
-0.0026966912658179538
-0.001392505560791763
0.0027823345732034617
0.0012181581388784517
-0.002852716090891498
-0.00104381064992013
0.002906637438172472
0.000876401776135934
-0.0029426024363695897
-0.0007052510006760401
0.0029703702483367617
0.0005486345605444545
-0.0029859587876335846
-0.00039372971734432137
0.0029902560126063038
0.000230190486705945
-0.00298770597072134
-7.177723897074487e-05
0.0029822585111946515
-7.089725755816452e-05
-0.002966729391209132
0.0001967857658244484
0.0029424817493601003
-0.00030893733352133594
-0.002909844816782218
0.0004169802453918487
0.0028791451911407855
-0.0005262153764150489
-0.0028460300401070148
0.0006339193709395405
0.0028078980153980926
-0.0007426659024521636
-0.0027706086626858493
0.000864512009771016
0.002732229590680874
-0.0009916764433018253
-0.0026861918643643797
0.001131436737608617
0.002624680493902363
-0.0012696524967396401
-0.002551351377726392
0.0014053197768944393
0.00246533185994715
-0.0015276120418741253
-0.002373545443569914
0.001641286363773303
0.0022771297315399394
-0.0017548915857257216
-0.002177588834322915
0.0018715575953566707
0.0020709514611343925
-0.0019811020084878382
-0.0019454632682605851
0.002086436885351642
0.0018100948254417119
-0.002189338396856077
-0.0016763829748716857
0.0022880942166313466
0.0015367176778268317
-0.002373576880541355
-0.0013913648285809835
0.0024563647556720774
0.00124528829368176
-0.0025267495161987404
-0.0011058891070320851
0.002591305606204805
0.0009656012055654161
-0.0026376271249811296
-0.0008346524879952289
0.002660995081010914
0.0007114972319591959
-0.0026750645611651786
-0.0005980281250854358
0.0026839871263492393
0.00048440744409900644
-0.002695032179384202
-0.00036843914495250803
0.00270198214213673
0.00025080777194019815
-0.002709932483628323
-0.0001347680011090857
0.002719638326992051
1.6254707477312913e-05
-0.0027220365573487294
9.57174052148228e-05
0.002719467285157876
-0.00021051032688578167
-0.002704720282242679
0.0003282061767255086
0.002685488692707
-0.00044703835062759854
-0.002665232956730688
0.0005608182148079426
0.002631897484481131
-0.0006680616683644941
-0.0025919124261809695
0.0007646025050358534
