Spins Simulated:	100000
Sample Rate:	1000.0
Sample Size:	1000
Read Time:	1.0
Diffusion (cm^2/sec):	1.0
X-Gradient (G/cm):	0.001
Y-Gradient (G/cm):	0.001
Z-Gradient (G/cm):	0.001
f0 (Hz):	250
Data Start:
0.0
0.9992991656690043
-0.07092409993639041
-0.9937049188840902
0.14136791240662297
0.9825689477244941
-0.21087476235744138
-0.9659847871287264
0.2789678528228805
0.9440900059823403
-0.3452126176805286
-0.917058209344578
0.40916941451758926
0.8851044825334449
-0.47044398982293645
-0.8484661463409282
0.528667538787022
0.807418888281499
-0.5834827712700968
-0.7622715856477889
0.634561511567936
0.7133524447003565
-0.6816060084141335
-0.6610291921242718
0.7243480722229424
0.6056769285773512
-0.7625587711634917
-0.5477036159540968
0.7960551274911358
0.48749664379256213
-0.8246903653790202
-0.42548919753577824
0.8483521297502848
0.3620965967956296
-0.8669602264672543
-0.2977488755552721
0.8804750577024152
0.23288281322477922
-0.8888962693907821
-0.16791187021741075
0.8922595644996323
0.10324113499764863
-0.8906335631999868
-0.039268827540137136
0.8841254399978218
-0.02360269025757142
-0.872880824918316
0.08498823451719423
0.8570631978925092
-0.14452887580669999
-0.8368721661430607
0.20190030349509233
0.8125193558237224
-0.2567821648812449
-0.7842674325232311
0.3088762624539439
0.7523825888546946
-0.35793386567635255
-0.717133562129987
0.4037078310521933
0.6788388428647111
-0.44599190553027535
-0.6378286260987779
0.4846033192226155
0.5944239028152176
-0.519407041702042
-0.5489649506908821
0.550280906623086
0.5017781284377054
-0.5771446140751616
-0.4532257923145463
0.5999377085052912
0.40366186085476047
-0.6186340593710932
-0.3534206134641599
0.6332407866223839
0.30284605367751444
-0.6437919272534983
-0.2522798922514273
0.6503463435761964
0.20204540437055132
-0.6529998125380154
-0.15244479512343878
0.6518747463428686
0.1037716286534084
-0.6471010349291095
-0.05629530162640625
0.6388280178042434
0.010287396237165384
-0.6272419317732816
0.034028099409759316
0.6125341018976536
-0.0764168776301224
-0.594904440546978
0.1166790410972917
0.5745910654499444
-0.15464412095078575
-0.5518157559590378
0.19015393846301426
0.5268207679025431
-0.2230973396788283
-0.4998548431871598
0.25336211090615507
0.47116787855625564
-0.2808569961921229
-0.44101045539776546
0.30553966729185195
0.40964220161231296
-0.32735832840643214
-0.37731599821014855
0.3463045144826828
0.34426394443016123
-0.362367874029556
-0.31073597323189717
0.37557586473852667
0.27696721633410953
-0.385962636341361
-0.24319051220325355
0.393595135408695
0.20961532599355773
-0.3985523995434351
-0.176445969273022
0.40092338662677046
0.14387956615101788
-0.40080922828829907
-0.1121061199128763
0.3983336913007641
0.08129381280626771
-0.3936224221133102
-0.05157973405708362
0.3868235629011773
0.023115841907028683
-0.37808410338834236
0.003988230485227969
0.3675601934643865
-0.02962620042780967
-0.35539363783770267
0.05368794698174518
0.3417573966089324
-0.07611295513866675
-0.32682360344732647
0.09683187817675283
0.31075513107821306
-0.11581066866002389
-0.2937170557085719
0.13301126686827056
0.2758623770067271
-0.14840966277378909
-0.2573431837628702
0.16200401824353575
0.2383311834438858
-0.17380359304834522
-0.21897584140467677
0.18382453407625654
0.1994352031492988
-0.1921151777698305
-0.1798335097660454
0.19870381738915407
0.16033079889334612
-0.20365040785657848
-0.14102679235871207
0.20701710712724694
0.12205779944950104
-0.20886547430503738
-0.10351663524916258
0.20926757937206322
0.08551153306649459
-0.20833039123182642
-0.06811815015949574
0.20613162962256798
0.0514270591821736
-0.20274955930109564
-0.03551851878652576
0.19829324333349638
0.02045992538366956
-0.1928598324324029
-0.006287290810981727
0.1865610548005297
-0.006946263485883653
-0.17948703513608577
0.01920932030893872
0.17173337656915694
-0.030481145380834667
-0.1634008569162047
0.04074975608777916
0.1545931096602259
-0.0499895296932184
-0.14540269705015813
0.05823057409414476
0.1359333668201616
-0.06548603241443407
-0.1262560682350043
0.07177099219432292
0.1164576386086688
-0.07710190667489264
-0.10662080584276605
0.0815219658939108
0.09682760443790864
-0.0850554403586173
-0.08713798734810178
0.08774818058839669
0.07759952311199018
-0.08962120013237197
-0.068287106137961
0.09072290336726273
0.059238434507170604
-0.09111821688258324
-0.05048847206815055
0.09084458328506788
0.04208607878286324
-0.08994221760398718
-0.034078481026657566
0.08847880171018972
0.0264769511401095
-0.08649736762815
-0.019331469121552602
0.08403875460661903
0.01265270685039314
-0.0811844119665383
-0.006460717483654544
0.07797873191606323
0.0007862155438157128
-0.07448578704371885
0.004399867725774425
0.07074347517799055
-0.00909859081009873
-0.06680091340962455
0.013301412094965168
0.06273529956708945
-0.017015426214792174
-0.058582786068928305
0.02026858022416845
0.0543735109097698
-0.02306901262928776
-0.050147517789169746
0.025439624357835807
0.045931358802256815
-0.02738579279262828
-0.04176953849705843
0.0289484241320181
0.03768918004295006
-0.03013688607638254
-0.033696593207259706
0.03096648036723591
0.029826835135723078
-0.03147328214911565
-0.026090133776303783
0.031669793872993665
0.02251154034158959
-0.03157545182020945
-0.019119380633800608
0.031227592737635975
0.015923266993513624
-0.030631350684378132
-0.01293005706428544
0.02983251768366538
0.010137939982984673
-0.02886052062370812
-0.007567012429790455
0.027740887303707343
0.005203355352538439
-0.026493415050152447
-0.003055338687993075
0.025143686137690326
0.0011319231945057003
-0.02371442033707828
0.000587820256612039
0.022243314781361576
-0.0021051869240964064
-0.020733114670569774
0.003427534747169378
0.019200314340647073
-0.004569968018876881
-0.0176664982279341
0.005523432373592316
0.01613975213005925
-0.006308947068125669
-0.014639006453477812
0.006935905690201312
0.013174919388316669
-0.007419687858349769
-0.011767306401447764
0.007758592376901266
0.01040568604639477
-0.007971727793001033
-0.009106809582076318
0.008074168412189426
0.007887401086867741
-0.008077044487006196
-0.006741156606382397
0.007982980651465006
0.005667026247136564
-0.00780402650605189
-0.0046664399675848635
0.007552975278450609
0.003764487618115192
-0.007252060987691773
-0.0029393411077509096
0.006908961339952934
0.002186007917331326
-0.0065321875346607584
-0.0015157845648136425
0.006115751192854607
0.0009176047114526047
-0.005692865665021124
-0.0003865775696233101
0.005250280685173345
-6.408435749503422e-05
-0.00479625452747555
0.0004449796394902126
0.004348133966593165
-0.000767602598045454
-0.003911455833598266
0.0010378536392469013
0.0034731112084535297
-0.0012687461962271442
-0.0030543606733773724
0.0014657168434032788
0.0026561255267535133
-0.0016068751414459299
-0.002277392613455491
0.0017098218324938363
0.0019171801752490153
-0.0017762069309106862
-0.0015624924692259636
0.001810191883318489
0.001238015101305149
-0.0018261581949987062
-0.0009292355975500258
0.0018242764579421739
0.0006390494445022327
-0.001803146282069211
-0.000368112758619457
0.0017583556353588908
0.00010032823665570417
-0.0017027082477868436
0.0001493087319217587
0.0016402815166049929
-0.00037624301847290746
-0.0015554830891082823
0.0005793020292459358
0.0014684961482194058
-0.0007620765468472311
-0.0013894788351783188
0.0009258306033247418
0.0013023102979396212
-0.001068025956474438
-0.0011975242728539679
0.0012048277968760407
0.0010855981522844668
-0.0013252024346337501
-0.0009594764698300086
0.0014123391341357514
0.0008184967516311152
-0.0014780833650065318
-0.0006831743247642506
0.0015209384043303527
0.0005479002111554816
-0.0015361675248997475
-0.0004165881755110912
0.0015363511462637687
0.00029041448221123195
-0.0015162158810409537
-0.00017213627495138648
0.0014835563318478177
7.632048599230058e-05
-0.0014496839408301905
2.0903385426140473e-05
0.0014122484967710456
-0.00011303606003391079
-0.001377667436378763
0.0001956882068570072
0.00135276493921897
-0.00028022164943191584
-0.0013214573623826853
0.000367432276574287
0.00128917231427085
-0.0004543441024889247
-0.001255821641970317
0.0005334887149390966
0.0012306391234406888
-0.000617867207273879
-0.0011869877431601122
0.0007000114036546615
0.0011256837016606499
-0.0007919606746453693
-0.0010557392282072998
0.0008895256922039672
0.0009778171863012415
-0.0009823679192042193
-0.0008871124681307453
0.0010841136978134913
0.0007921727992694392
-0.0011811241380307344
-0.0006831341899913969
0.001262371479101727
0.0005624393475636729
-0.001325126087278834
-0.00042965596968285195
0.0013678022194777743
0.00029523444856053655
-0.0013839711547067187
-0.00015446027651059587
0.00137968439692214
6.365408512049128e-06
-0.0013604566819396813
0.0001468108760015699
0.0013387891323093722
-0.0002924910751955467
-0.0012900305862086252
0.0004236754472496213
0.001228610608365797
-0.0005499765038111601
-0.0011507436749168178
0.0006590912997662554
0.0010534127639041403
-0.0007547500697917005
-0.0009546590609938514
0.000839055255830645
0.0008460143558841779
-0.0009003772806517806
-0.0007256975191453331
0.0009476702622831658
0.0005971361269420458
-0.0009791818852168499
-0.0004625271636054804
0.0010024215227438541
0.0003168484232357278
-0.001001899332163527
-0.00016092974741018794
0.000982733444777952
4.031576995399526e-06
-0.0009401857478132702
0.0001408329495877257
0.0008829897898354941
-0.0002819526914573259
-0.0008130356163895923
0.0003973095904783138
0.0007434698635748087
-0.0004961960679178943
-0.0006686401662833345
0.000584272231749099
0.0005920043066596021
-0.0006478514145613808
-0.0005274587036496744
0.0007069346944575722
0.00046769976573924607
-0.0007640945765807749
-0.00040599930967336495
0.0008265694164247062
0.0003532413208316149
-0.0008848914052667156
-0.00030391455982967287
0.0009412281256706036
0.00025199666898376215
-0.0010102062501508107
-0.00020092442032535417
0.0010909857035898876
0.00014422723500498317
-0.0011626119851547176
-7.358027786287936e-05
0.0012312853498418399
-1.1643031371071909e-05
-0.0013036021326272454
8.997379173240993e-05
0.0013831621073729977
-0.00017816148787050962
-0.0014563734736519312
0.0002883972263141836
0.0015269976071599497
-0.00040461686988075375
-0.0015928684652385522
0.0005050187236346409
0.0016634923708777267
-0.0006061349993796724
-0.0017335287861758035
0.0007130014795757713
0.001793467005180688
-0.0008229485998414576
-0.0018462687023107405
0.0009401064816465162
0.0018884909447079994
-0.0010664070050943012
-0.001923196808518234
0.0012030578292147708
0.0019350908854834157
-0.0013331264909327224
-0.001926836728749105
0.0014735092380276501
0.0018946959356451892
-0.0016209632732765303
-0.0018564576892081159
0.0017682670411754311
0.0018161172166439668
-0.0019167600931443449
-0.0017550507673031034
0.002071640283486028
0.001669755397593324
-0.002225938304907651
-0.0015567095406819663
0.002368962507535498
0.0014267627115867251
-0.002492241800856599
-0.0012836666850552737
0.0026008864678228397
0.001142337459486959
-0.0027002170209900005
-0.0009869800329968248
0.002791592062744995
0.0008098873624666229
-0.0028630960923153328
-0.0006223905142335046
0.0029172747032290376
0.00042660741944632453
-0.0029485915838160267
-0.000220501060190681
0.0029769659609522035
2.1021064816050935e-06
-0.002989714995330623
0.00021957290944659195
0.0029824880303479634
-0.00043598366265036137
-0.0029675201618834485
0.0006478627025461578
0.0029405370617327092
-0.0008615452333101918
-0.002880772067078095
0.001068422014447325
0.002797674189017445
-0.0012646687230801962
-0.0026949200317493453
0.0014425496521799177
0.0025732346247131057
-0.0016047335691374395
-0.002448664042966911
0.0017518168982723784
0.0023136775804503875
-0.0018917102881246504
-0.0021707838037952763
0.0020178663415521656
0.002014704953109308
-0.002120363917719749
-0.0018451098955530915
0.0022175222234200403
0.0016729545950610362
-0.0022929139808166884
-0.0015095363315405972
0.0023490419730658346
0.0013523395256302044
-0.0023930585978363447
-0.001186919814003344
0.0024184379375169346
0.0010154529368226366
-0.0024329127415202824
-0.000852098984006318
0.0024411131780877416
0.0006948196234218174
-0.002437999035235605
-0.0005547501070202529
0.002430286537461561
0.0004333375529915732
-0.002412693124639181
-0.00032467951467482384
0.002389799760774379
0.0002196552800420868
-0.002365801903765791
-0.0001048252106662072
0.0023306467504125346
2.675486919923389e-06
-0.0022913196776723184
9.442915167200831e-05
0.0022457993594932587
-0.00018637224834788804
-0.002207109259178226
0.00026874264173631403
0.0021663348464509916
-0.0003482072553179891
-0.002130466803662656
0.0004380163542626425
0.0020996298759512573
-0.0005385847356273253
-0.0020650084123391413
0.0006574863152874491
0.0020305194200881923
-0.000771860786053819
-0.0019930699824151406
0.0008775055532999189
0.0019475434286849109
-0.0009692165638251229
-0.0019055042806597115
0.0010621369171112604
0.0018509539781736701
-0.0011590866186244593
-0.0017758891295484149
0.0012654095463368483
0.0017064456412054715
-0.0013739806883962165
-0.0016198026845724396
0.0014854819044783662
0.0015179732057602389
-0.0015961414697661896
-0.001394893165932231
0.0016929206381137542
0.0012573070187152295
-0.0017882703650441132
-0.0011117922036502712
0.001871687716620794
0.0009599397061950909
-0.001939266420664125
-0.0008078818666143851
0.001988107519273313
0.0006504324926700512
-0.0020117907002342324
-0.0004894922896240767
0.002007054564421454
0.0003385196919485814
-0.001994121630772745
-0.0001886472912984157
0.001959710089663802
4.013284652356127e-05
-0.0019148619343708456
9.94746366391311e-05
0.0018660099643150012
-0.00024535225395212973
-0.0018151750804710873
0.00038792651347989876
0.0017474024038248133
-0.0005087991056455479
-0.0016726033560794807
0.0006249259471529546
0.0015863790504097215
-0.0007207265424990018
-0.001500827417404943
0.0008121613437831496
0.001407888730058405
-0.0008909386538943142
-0.0013021537345254022
0.0009666484186654109
0.0011872011164013926
-0.0010340258647141439
-0.0010647597953681966
0.0010950976143265137
0.0009366843991000244
-0.0011451033340928382
-0.0008016457448502314
0.0011826041375747915
0.0006628970530016715
-0.0011944232299746498
-0.0005296243157026228
0.0011951163955463396
0.00039145659172609487
-0.0011938835714875612
-0.00026015209362334496
0.0011816623411311602
0.00014548593996740924
-0.0011440405695855916
-4.455491901107097e-05
0.0011071465154334082
-6.319438233713647e-05
-0.0010765360459855451
0.00018570289380796145
0.0010486308384652315
-0.0002924242034373663
-0.0010080428167158842
0.00037591922539386677
0.0009516569584851686
-0.0004481611230605244
-0.0008905712575171726
0.0005131519945232181
0.0008256616166199055
-0.0005722911426509373
-0.0007545875331152595
0.000631457300926632
0.0006871988988346029
-0.0006764257916961381
-0.0006073759321959138
0.0007148031341597671
0.000514066863857216
-0.0007464720852018606
-0.00041371595033645183
0.0007750389866819428
0.00030107487240704127
-0.0007896605229975787
-0.0001917001535174049
0.0008026542633483491
9.440610911185641e-05
-0.0008147593950684004
-1.4033554811829118e-05
0.0008232580862124027
-6.573449705721085e-05
-0.0008200888521275848
0.00014403310814428238
0.0008129210801657666
-0.0002332514938526683
-0.0007995558274555671
0.0003158362488711523
0.0007887745773455453
-0.0004066118323704446
-0.0007699191431025644
0.0004896351643943747
0.0007406322368611167
-0.0005626117473205101
-0.000716950578056344
0.0006330574405695423
0.0006768470437591469
-0.0007125531071507462
-0.0006267743955268759
0.000787696375616611
0.0005770753416262322
-0.0008590005780015843
-0.0005142844220510276
0.0009250492231639049
0.0004509160438876207
-0.0009688613739616235
-0.00039095300894790197
0.0010071214802556264
0.000333379970101863
-0.0010282223977983126
-0.00028558532458828744
0.0010340104249530577
0.00023085772221323933
-0.0010416563706220287
-0.00017614970338032058
0.0010483577166048286
0.00012555727924809512
-0.0010577047227703527
-9.516659552008172e-05
0.0010935503496868934
4.978815488135513e-05
-0.0011348819378951029
-9.72682334998491e-06
0.0011670215508671484
-3.7081364370981886e-05
-0.0011860235173474086
8.522008173388596e-05
0.0012032434030921162
-0.00013617194048870374
-0.0012319567432768164
0.0001888801474375671
0.001269636044162064
-0.00023552425506898325
-0.001318060655706561
0.00028232919289592027
0.0013754584997721796
-0.0003467727817007534
-0.0014362325207664132
0.0004271012499000873
0.001491395139895777
-0.0005275134707526019
-0.0015346308217221074
0.000640672844203617
0.0015867913304661032
-0.0007655027812640101
-0.0016256860635926829
0.0009074602555748778
0.0016508630690464622
-0.001045429627145993
-0.0016628486404172873
0.0011816717933203227
0.0016553992585878533
-0.0013136081274392696
-0.001644566669083263
0.001443984847397288
0.001621366552563427
-0.0015959749348402154
-0.0016013011897518953
0.001745914435001438
0.0015679573177134018
-0.0018971474552256832
-0.0015216335824520181
0.002054155724282404
0.0014718852067305826
-0.002208266966975492
-0.0014054285056357295
0.0023568421839274822
0.001302911293957021
-0.0025161726344210197
-0.0011855613772332472
0.002670422525939384
0.0010549819568191974
-0.0028096854516955223
-0.0009308227823558075
0.0029319347170295796
0.0008084280750677117
-0.0030548559059169226
-0.0006851679511674773
0.0031750321261204287
0.0005706592976179879
-0.0032957417939555775
-0.00043627606627129816
0.0034154421123998337
0.0002911638139700506
-0.003531496480568363
-0.0001402449360760528
0.0036302933405672174
-3.73638647867372e-05
-0.0037073043171581377
0.0002246199087574981
0.003760801387258333
-0.0004180295337435971
-0.003803254098686073
0.0006300361660325348
0.003830150263047018
-0.000838318200747165
-0.0038417181576376937
0.0010551664057748536
0.0038330945161965074
-0.001270465853321148
-0.0038135691270956198
0.0014799033739210444
0.0037839668693129707
-0.0016856954627339732
-0.003748058115678933
0.001907150234850541
0.0036833988255614313
-0.0021155330684196473
-0.0036052907895235482
0.002326839348982526
0.003503524519723895
-0.002541931964830487
-0.003372901745632204
0.0027500513082909426
0.0032256901613133483
-0.002931195734281664
-0.0030712636879319743
0.0030946641097765464
0.002904246122332531
-0.0032428703437288107
-0.0027397879482024545
0.0033812036839703775
0.002552805717362276
-0.003514665136609104
-0.0023575200305584955
0.003651267387201631
0.0021529273115606594
-0.0037956555707044574
-0.0019323726317410092
0.003924533257738635
0.0017006040866863147
-0.00402709470560202
-0.0014628920761597757
0.004118017020943588
0.0012215831180789106
-0.00419919604588524
-0.0009831632507604968
0.004270333352401719
0.0007362980825553391
-0.004315192170425568
-0.00048072729043193026
0.004340449086583764
0.0002345567166757311
-0.0043406904388153785
1.735992112327563e-05
0.004318011757516541
-0.00025817798775669914
-0.004287607803402321
0.0004980832847466352
0.004242424213918549
-0.0007434451173597307
-0.00418959513381335
0.0009904809224965967
0.004116926061335631
-0.0012330215114280945
-0.004030173906391797
0.0014650139981059744
0.00392940375299005
-0.0016812481821583615
-0.0038206198164182853
0.0019008021509825384
0.00370048521733531
-0.0021138015944553567
-0.003573173466367131
0.0023374161717240765
0.0034310745197685733
-0.0025706815353646034
-0.003264941078597683
0.0027974609696700637
0.0030878639948072853
-0.0030114589545574173
-0.002897585691446257
0.003216684639039411
0.0026934136527237925
-0.003420802708015112
-0.0024812574061943704
0.0036050571523512254
0.002256798055937292
-0.0037639319465546973
-0.002026304429569216
0.0038957107740477982
0.0017762008261199033
-0.004002455072907195
-0.0015089753284727335
0.004068287673190776
0.0012581636933502946
-0.004111635718190699
-0.0010128729499769428
0.004139957034180142
0.0007623134677235252
-0.00416665762623438
-0.0004979153503418838
0.004179949477015696
0.00023375309958797205
-0.004173620820418528
1.661897729936104e-05
0.0041362413308373095
-0.0002750331223388506
-0.0040667345439737565
0.0005240585250106899
0.003981170126483228
-0.0007627421065186035
-0.003891736613578225
0.0010033047379523036
0.0037913410768745906
-0.001235553042679117
-0.003676701744621313
0.0014681578164667632
0.003535056950337313
-0.0016870759311723924
-0.003382974671082386
0.001884921750814888
0.003227324210256094
-0.0020771835647608147
-0.0030645998325731496
0.002252942500949285
0.002899387704425467
-0.002412214486356658
-0.002719244710719577
0.00254872369195139
0.0025167508260714438
-0.0026825142963970107
-0.00231160552254751
0.002788046647465085
0.0020953693903346055
-0.0028761471194112833
-0.001878371474631567
0.002957003336589647
0.0016580318626693705
-0.0030231706401509877
-0.001436574041847039
0.003058040282899655
0.0012250650255312475
-0.00306360821679168
-0.0010154313703961192
0.003049648448654145
0.0007957792365298517
-0.003011340029701219
-0.0005732631670109526
0.0029501825045001964
0.0003644928306990268
-0.002866055794762843
-0.0002012962469815905
0.0027640686103211428
6.26227960274323e-05
-0.0026635144805251094
5.5823521537267234e-05
0.002566614071959959
-0.00016494702232315947
-0.0024722889854204783
0.00027336432594364665
0.002365931218532676
-0.0003771406289996333
-0.0022602575683920785
0.00047239247902128865
0.00215472188275075
-0.0005658512970012447
-0.002055188947514996
0.0006480144810514229
0.0019571072147547995
-0.00071967702996593
-0.0018612551320169187
0.0007857286950729391
0.0017643278040713598
-0.0008501512194052245
-0.0016752910501216596
0.0009130726851522689
0.001590312884968854
-0.0009623024418918454
-0.001497148610228135
0.0010001010521418887
0.0013929236561893875
-0.0010454744527282126
-0.0013022524484202387
0.001085116539420226
0.0012094180745928457
-0.0011191401087959887
-0.001112144121435594
0.0011597996963815436
0.0010131782047417234
-0.0011913573377314575
-0.0009110865967130675
0.0012096816540759614
0.000802218568202067
-0.001207682240533691
-0.000688429173529048
0.001190668688817181
0.0005670656323470088
-0.001151147331023069
-0.0004585716422234361
0.0011181020998634295
0.00034707112444543715
