Spins Simulated:	100000
Sample Rate:	1000.0
Sample Size:	1000
Read Time:	1.0
Diffusion (cm^2/sec):	1.0
Gradient (G/cm):	0.001
f0 (Hz):	250
Data Start:
0.0
0.9992661241508626
-0.07087703364229177
-0.9934088374859543
0.14120956379901783
0.9817535363499754
-0.21049101923653282
-0.9644067998133663
0.2781984732363008
0.9415266229816358
-0.34383867445072963
-0.9133187517362834
0.40692541689895906
0.8800369627780273
-0.4670078722331173
-0.8419731457834885
0.5236907385613156
0.7994581183625358
-0.576579487191484
-0.7528538079269049
0.625331493496687
0.7025652532648684
-0.6696381440210548
-0.6490164957609811
0.7092376069317462
0.5926385902302218
-0.7439207779709611
-0.5339067445381661
0.7734938912140713
0.4732982827603069
-0.7978536220248471
-0.41130154129780805
0.8169109401769846
0.348411153838906
-0.8306400657744795
-0.28510345666476483
0.8390525087722746
0.22187283932389762
-0.8422226302360226
-0.15918486650399302
0.840256543630291
0.09748807178052125
-0.8332964580752503
-0.037202616393609694
0.8215369074939665
-0.021258024773063638
-0.8052056571667536
0.07749710364597692
0.784561872909534
-0.13116976514097353
-0.7598971647744875
0.18194423860073658
0.7315302400726619
-0.22954547748540147
-0.6998003582619392
0.27371191242522064
0.6650671045782697
-0.3142282861412699
-0.627707375594017
0.35092109505211566
0.5881023173192008
-0.3836649720278044
-0.5466484212867916
0.4123520175351671
0.5037377111892876
-0.43692609317557024
-0.4597773341265287
0.4573733011057891
0.41515248526352794
-0.47372232889914767
-0.37024115232453336
0.4860286152017297
0.3254113149770688
-0.4943825575062557
-0.28101741449658507
0.49891556782235685
0.23740438595582428
-0.49977621992279014
-0.19487437074902592
0.49714480463502947
0.15369682393510045
-0.49122073119629717
-0.11414335070503057
0.48223483841038
0.07646222022450924
-0.47043749767364895
-0.040866158010160636
0.45608009371997826
0.0075260029988063045
-0.43943216035238036
0.023422088125277227
0.42077421335528
-0.051857474236931364
-0.4003788667623248
0.0776852317301944
0.3785354785395503
-0.10084071018199499
-0.3555238377370033
0.12130689614520529
0.3316289674912151
-0.13908168597232112
-0.3071213921968521
0.15417820700444998
0.2822543197243191
-0.1666441183873452
-0.25728825887920265
0.17655421788268252
0.23246834638465028
-0.18401224048235038
-0.20801547900722508
0.1891319133335906
0.18411710912802626
-0.19205529443619723
-0.1609624156962598
0.19291451714707922
0.13872980736879786
-0.19186822828895414
-0.11755258588233881
0.18908341609580728
0.09755653883803687
-0.18473003962398118
-0.07885092075281447
0.1789943534286158
0.06149788449663171
-0.17204351657958505
-0.04557260311539976
0.16407678639447204
0.031113939716769397
-0.1552630726413745
-0.018139861349634412
0.14578454480203476
0.006654922287382785
-0.13581775413417088
0.0033586547289517037
0.12553059604399783
-0.011935922263386026
-0.11505689634736324
0.019132022280026622
0.10454502288711578
-0.024991954627635128
-0.09413220782526538
0.029584821326867676
0.08392804315557321
-0.03300354641513754
-0.07404840440397903
0.035322231760662404
0.0646013096915113
-0.03664259188511893
-0.05565482703728854
0.0370637480545018
0.04726234095840028
-0.03670697209039334
-0.03947888038699496
0.03567342191586843
0.032332732614756145
-0.03404749442727924
-0.025851533510025945
0.03193394813730835
0.020054878353939196
-0.029462873743099142
-0.014942036508868281
0.02671075032814963
0.010499307656499928
-0.023771716568405692
-0.006708902700179757
0.02073101256727925
0.0035479357978715226
-0.017649941038807376
-0.0009873155681690718
0.014596114739150436
-0.0010239915025524726
-0.011646388889426701
0.0025416346507202837
0.008860133296372731
-0.0036290608068205903
-0.006271745432101432
0.004324237139222711
0.003920354594838789
-0.004701736145788233
-0.001825173655132886
0.0048104314296408875
8.855474808174153e-06
-0.00472180177955453
0.0015261712063690167
0.0044804662036848335
-0.002773125772383388
-0.0041506948645881996
0.0037413547224014335
0.003778289057437498
-0.004448256544833165
-0.0034065863443054544
0.004906431893669856
0.0030835839078120837
-0.005148596273837615
-0.0028548405316223035
0.005208627348954966
0.0027534256757844795
-0.005119900555879915
-0.002798162582666471
0.0049177965745531935
0.0030103530264111215
-0.004637941577159301
-0.0034047490743670567
0.004316761013129418
0.003982513366855369
-0.003996223655949928
-0.004741925961629668
0.003711092952130079
0.005705021709441376
-0.003498508782724361
-0.006846314467922388
0.0034011049426321475
0.008152686817612205
-0.0034515882590548234
-0.009606981540869516
0.0036914303772863136
0.011169081089945465
-0.0041454710908774535
-0.012806798087495592
0.004834282026363322
0.01449927660949501
-0.005764572244951521
-0.01621598397167321
0.0069575956849780626
0.017913383607105
-0.008423176030668921
-0.019535745768360008
0.010154458038807148
0.021046017272805567
-0.012139586047852913
-0.02241325208530551
0.01437863819870188
0.023591056490764147
-0.016851555489392756
-0.024554577938068565
0.019554576303051366
0.025263610888956033
-0.022447580512225607
-0.025692116684133782
0.025504705734093074
0.025804058472957532
-0.028697817690885023
-0.0255927285897477
0.03197758370200397
0.02502339467293447
-0.03532304107911245
-0.02408344431015713
0.038689542623756415
0.022761756715136354
-0.04202797460941825
-0.021048894574040525
0.045280526969473926
0.018946441149275534
-0.048408908920818935
-0.01647401359535552
0.05138293575750202
0.013633429476410061
-0.05415388103448614
-0.010442579631510499
0.05667299189035763
0.006943349886705797
-0.05891978970499043
-0.0031501652430655884
0.06086174878775887
-0.000919767425855759
-0.062472014875059
0.005221986708672345
0.06370853610575596
-0.009721548218576237
-0.0645505254638425
0.014375046038693313
0.06497172305868562
-0.019144276493777316
-0.06496046056822412
0.02397458587257951
0.06450387974051591
-0.028827847462348337
-0.06359993322096495
0.03367087168768649
0.06223699708042444
-0.03843958898846213
-0.06042800002715889
0.04309043029557697
0.05819113656196274
-0.047590400006462016
-0.05553497099007655
0.051896186429882356
0.052473961877124414
-0.05596499234778893
-0.04902404098487907
0.05976238547781902
0.04521348936399429
-0.06323855741115264
-0.04108202249661298
0.06637313940499706
0.03665889491735703
-0.06913555087191076
-0.03197521802815539
0.07150372186101589
0.027070227285478064
-0.07344825436364497
-0.02198481320004256
0.07494656202892004
0.01676944276053788
-0.07597666073816978
-0.011458519542896324
0.07654749051246595
0.0060935649037094615
-0.07665982827926804
-0.0007213828025176878
0.0763210231224047
-0.004615619697650562
-0.07552857257252145
0.009866625795302052
0.07428424139426235
-0.014992583248611696
-0.0726146959579954
0.019947221691567225
0.0705227514891271
-0.024696136212504435
-0.06803916185835662
0.029201391671050066
0.06519432147671085
-0.03343759649547457
-0.06200412537914002
0.037361198707072205
0.05850298997723138
-0.040930241426243526
-0.05473996530945058
0.04414012094290495
0.05074937199484109
-0.04697443314518649
-0.04657022187341361
0.04943366404470553
0.042236955141087766
-0.051500313038339074
-0.03778779049588899
0.05315413387630023
0.0332618100245165
-0.05439905703361402
-0.028700769037814565
0.055239990832857806
0.02412844916280791
-0.055672167158447035
-0.01960068965505386
0.05570464264152704
0.015159408270128868
-0.055356189351149734
-0.010844619251263595
0.05464634800771341
0.006680850979092291
-0.053594568784645295
-0.002696360603692924
0.05222377505182285
-0.0010852598726185721
-0.050561803946277316
0.00464924256394219
0.0486406388602764
-0.007966933998749372
-0.0464870095664454
0.01101867472727235
0.04412323184711411
-0.013788432714770218
-0.041575252012132594
0.016267001461196282
0.03887488969300524
-0.01843685432926103
-0.03607139125376377
0.020302466926289883
0.03317574569132924
-0.021860155102258933
-0.030225861264342128
0.023113796803523302
0.0272626636210386
-0.024079173277628502
-0.024306973670654295
0.024754400828353722
0.02138752270867942
-0.02514829535393774
-0.018514259049791957
0.0252777482394438
0.015726103213238557
-0.025164248125702286
-0.013048420147984187
0.024823138970625148
0.010491472414875134
-0.024271597617030658
-0.008075000513633919
0.02352842969726969
0.005828779923384264
-0.022610940255053218
-0.003766498341437352
0.021547399167162553
0.0018732441140375865
-0.020363271609998082
-0.0001680009903366779
0.019068545415297716
-0.001343332337531125
-0.017689829056605468
0.0026680729927122527
0.016245256236196597
-0.0038053721768433924
-0.01475290448412989
0.004763912443634678
0.013235817072510475
-0.005529078813433527
-0.011720094686906301
0.006123932238595593
0.01021328039141885
-0.00655282813653818
-0.008725701710718715
0.006815968495545235
0.007270537158102266
-0.006939884710927988
-0.005865088372701051
0.006925218265786012
0.004523197476714437
-0.006767198102717686
-0.0032703164701302152
0.006485747734808658
0.0020998292776197294
-0.006093556278256676
-0.001022156880462216
0.005611442758188891
5.092380709493127e-05
-0.005053129884223832
0.0008080659426165627
0.004439225337863697
-0.0015530350458306445
-0.0037752619030469
0.0021918820715024993
0.0030759280762720598
-0.002727037246323585
-0.0023566887796869227
0.0031642982459872734
0.0016246812745980578
-0.00348856300132298
-0.0008908490613154179
0.0037051625029996082
0.0001789869150674821
-0.0038329288802631013
0.0005065707662709588
0.003873557060125704
-0.0011463115891378862
-0.003839022427296172
0.001760406851983022
0.0037408774786579285
-0.002340275246177934
-0.0035916041613032316
0.002870183280893911
0.0033986814194411313
-0.003350056353130754
-0.0031705381577638255
0.0037832349257914204
0.002906624955824221
-0.004168819753508548
-0.002619431521172738
0.004508139103680719
0.002308733360307062
-0.0047959864287779866
-0.0019780778782556223
0.0050284961350030005
0.0016410927799691414
-0.005214578682934963
-0.0013055075398964464
0.005364286113102328
0.0009747215876658719
-0.005458566131773405
-0.0006493118254818246
0.005506873177879142
0.0003572641259527084
-0.005523112662019567
-9.018653776116438e-05
0.005502727454889692
-0.0001575533359325069
-0.005452410132254243
0.00037996841594268866
0.005387924786825559
-0.0005737819992973831
-0.005303874600954888
0.000746499737929405
0.005224923165623753
-0.0008854792647857443
-0.00514467709499984
0.0009943305436165058
0.00506104737973902
-0.0010875206705235603
-0.004991937065714306
0.0011598170193865137
0.00493370091561627
-0.0012113880549830458
-0.004883103723230414
0.0012528256500372696
0.004859462338010277
-0.0012865561958345588
-0.004855979741075473
0.001303883282738938
0.004881677937295566
-0.0013097141295092297
-0.004944911267603465
0.0013277057248134376
0.005023438309383151
-0.0013621781149618737
-0.005125020600187854
0.001419180514325717
0.005250665647783847
-0.0014945838236169668
-0.0053896090166013965
0.0015877044232253713
0.005542492156831196
-0.001700580903390013
-0.005701975556245284
0.0018276509049973272
0.005866181911109321
-0.001980245328634004
-0.006038956605480617
0.002171956326826552
0.006208052370830036
-0.002395673884227583
-0.006376045447007596
0.0026500194949478965
0.006530838674829737
-0.0029186233148156687
-0.006678895248320435
0.003210064841380331
0.00681270813527754
-0.0035381110022052035
-0.006927607147628275
0.0038901827335339955
0.0070147281680742885
-0.0042752175208423315
-0.0070775419768131865
0.004687975351748685
0.007109952683546637
-0.005126869897066675
-0.007113248539718459
0.005579833192055342
0.007085648348059927
-0.006039275793670402
-0.007025716082001249
0.0065141935973412725
0.006915033362274776
-0.006992028273395525
-0.00676607292657785
0.007479982568071819
0.006580068565401406
-0.007973581669833326
-0.006348068306430238
0.008470624505387585
0.006068319198691178
-0.008977706809333137
-0.005742284038869301
0.00948658268895628
0.005358821014759283
-0.009980669482848013
-0.004921558105593152
0.010446481630015738
0.0044289340652991565
-0.010883466547825002
-0.003873190912406046
0.01127850122727459
0.0032615310931880417
-0.011631993969227867
-0.002597088223623226
0.011940152509518827
0.0019066938105040104
-0.012203262065849225
-0.0011761260996029671
0.012410067525348319
0.0004051311761608689
-0.012543128162797387
0.00038951679826555475
0.012609846344176025
-0.0011934281352592934
-0.012615900896421955
0.002003129693407324
0.012555240657768784
-0.00282482506790876
-0.012413598646025035
0.0036477737727377596
0.012205474515614888
-0.0044608849493533555
-0.011936824873540069
0.0052532701630217836
0.011609907732471834
-0.006016946593171872
-0.011214638670174278
0.006748384121878313
0.010754033333273943
-0.007431319501902276
-0.010244906708231532
0.008067458711027695
0.009686237103934004
-0.008665198363957762
-0.009066473890963874
0.009215502189625975
0.008392408126440895
-0.009705198284986125
-0.007674953172327792
0.010128277270959751
0.006927122652860782
-0.010495260463753965
-0.006153452083525489
0.010793492049979148
0.0053603445210644255
-0.011033554169772919
-0.004550871068014063
0.011207314169965179
0.003748360199828918
-0.011311490097045719
-0.0029394806660053767
0.011338851277395963
0.0021346525999295066
-0.011308148164447305
-0.0013409817876229768
0.011229626016718338
0.0005628144159627864
-0.01109874946870588
0.00019467953090902392
0.010919102363411303
-0.0009308691765683237
-0.010679869623841383
0.0016429493815560078
0.0103731457103375
-0.0023144329914259053
-0.010020109092410254
0.002948895509070754
0.009622439069322471
-0.0035412837486674853
-0.009178885982783602
0.004086691003600915
0.008682810498496032
-0.004579847660150446
-0.008148025325814422
0.005017164756820157
0.007583924612364662
-0.005403381644868992
-0.007001194765842066
0.00572789222670166
0.006392044353188927
-0.005996249499660774
-0.005772914619098397
0.006207179864748799
0.005159538414086345
-0.006376480998236019
-0.004537749926380457
0.0064882899281330725
0.003927598850247886
-0.006550929130500347
-0.0033212486164913334
0.006561231625368163
0.0027398574841113288
-0.006538840424950968
-0.0021799075377902217
0.006479558718137474
0.0016412109056844564
-0.006376782149862308
-0.0011265123433545075
0.006245146181746152
0.0006279043125968569
-0.0060870549432998555
-0.00014545699980601814
0.005892037233720178
-0.00031691528133975073
-0.005666851597043746
0.0007436715996260267
0.0054102067269242585
-0.0011273245683984577
-0.005128756910961741
0.0014758081289902962
0.004819938847480806
-0.0017915733278770613
-0.004499436575982347
0.0020711194902986656
0.004169938085182917
-0.002313855300232436
-0.0038388635527973865
0.00253165589539917
0.0035038643224570023
-0.0027196882371777384
-0.0031808423258467976
0.0028865560146843867
0.0028602762495130293
-0.0030265683864900855
-0.002535456961865198
0.0031364226919156106
0.002217498415857512
-0.0032210933877021334
-0.0019119854691071866
0.003293591567605466
0.001626690069566662
-0.003340382755271689
-0.0013537339864871105
0.003374108716072278
0.0010894450846307912
-0.0033969492132664173
-0.0008329679569035836
0.003406719631154408
0.0005891023585441227
-0.0034053519723814944
-0.00034340937349869153
0.0033917000923455653
0.00010570832951286477
-0.003372704406721084
0.00011142379582802506
0.0033526788589251628
-0.0003176980370182224
-0.003325032291616955
0.0005258073694695787
0.003289130668262017
-0.0007300017448402041
-0.003244559752340312
0.0009337488192319855
0.003185971539707465
-0.0011358257029149995
-0.0031185525999848675
0.0013414074312319694
0.0030414404245574546
-0.0015340685594559108
-0.0029409052686959914
0.0017126540200407955
0.0028262004710023145
-0.001895143108175199
-0.0027026696512567625
0.0020708444855700313
0.0025670595459319884
-0.002240172550715537
-0.0024250740936532277
0.0023939795241102358
0.0022796666687323764
-0.0025371050712382826
-0.0021398534475282273
0.00267682581182219
0.001999079679721561
-0.0028173270334097525
-0.0018531817666269494
0.0029550368306316167
0.0017011116681705004
-0.0030774056984609623
-0.0015263350622654066
0.003183411357038978
0.0013348641406656558
-0.0032824783794189686
-0.0011357154134949002
0.0033695963898629664
0.0009306570851421221
-0.0034454699988891073
-0.0007278319489028994
0.0035064156846783706
0.0005282530268492648
-0.003565889918625001
-0.00031830488277567823
0.0036106255483258787
0.00010554531955056153
-0.0036476273678921053
0.00012238418062705383
0.003680679815231974
-0.0003573229394432554
-0.00369876778595736
0.0006008180642127931
0.00371205700747153
-0.0008410919273868116
-0.003710455088248128
0.001087911132829103
0.0036878168857499426
-0.0013501974343355602
-0.0036591190814027207
0.0016351106647840312
0.003613630754174722
-0.0019315639639831577
-0.003531848326377869
0.0022230733305703292
0.0034296726383445026
-0.0025033033887497504
-0.00330928464237656
0.002773779502697942
0.0031700463633162904
-0.0030477053848562466
-0.0030246190859651127
0.0033172763782723463
0.002859537999723665
-0.0035802668072284845
-0.0026635985783513426
0.00383941003313648
0.002442993296219124
-0.004089543325732714
-0.002202284766586274
0.004330936510017241
0.0019405917202843404
-0.004552220537375512
-0.0016683213829348999
0.004764347597804684
0.0013713124400714341
-0.0049615881531242115
-0.0010623909209920173
0.005137133167835932
0.0007269749724347884
-0.005289569320874403
-0.00036644854160607917
0.005410470431840466
-3.870471965347454e-06
-0.0055100813173132885
0.00038392806979671194
0.00558271570928377
-0.0007696688753886864
-0.005632840347934653
0.0011647589117762302
0.005661995499133735
-0.0015665729445618177
-0.0056570684910873335
0.0019847067819101162
0.00561820484174446
-0.0023958673090968287
-0.005536137740333387
0.0028127103131308884
0.00542088801758047
-0.0032325852405786747
-0.005265453489807967
0.003638994909183911
0.005077296499977173
-0.00402491878226235
-0.004860425435298811
0.004392158761865582
0.004615682838573813
-0.004747081690332517
-0.004337266377765205
0.005093976937598507
0.004040410911487302
-0.005429996917877177
-0.003713829445612025
0.005750586331066014
0.003355168034848952
-0.006049029152272807
-0.002974711842593251
0.006328170096212371
0.002563553600073582
-0.0065836138001997765
-0.0021336472765937638
0.006805350191438646
0.0016794220911607344
-0.0070049808621342885
-0.0011960634793393688
0.007162408786689586
0.0006904252600726362
-0.007277184064441778
-0.00017954570359660137
0.007350228394111789
-0.0003501434757650679
-0.007367198628459156
0.0008795438347247093
0.007347790702342663
-0.001409003310314469
-0.007284124929925568
0.001929576043599012
0.007174464236463556
-0.0024484678719434326
-0.007026481693050657
0.002951048108583016
0.00684472757894666
-0.0034410187497114215
-0.006619770101689225
0.003913717613627163
0.00634967339643194
-0.004357132976445561
-0.006037982272134535
0.004778986838218595
0.00569835470841173
-0.0051647761661603375
-0.005338024176732319
0.005515302172640165
0.004946229603323589
-0.005830494112668618
-0.004541021454466782
0.0061049683896964475
0.004110524382250074
-0.006351715330657069
-0.0036513725950373336
0.0065604622137835494
0.003167298341356948
-0.006740628513063521
-0.002669011440855527
0.00689013727439739
0.0021499827347125867
-0.00700373825479365
-0.001618716146654956
0.007076236879810844
0.001068166333074342
-0.007103216803997682
-0.0005082957331873822
0.007082816623749064
-4.570038016799502e-05
-0.007007064105950591
0.0006011953503979326
0.006891654551254246
-0.0011492041575594644
-0.0067199001534087215
0.001682032678763063
0.0065056245727074325
-0.002200566849183158
-0.006245918793410696
0.0026922046835337276
0.005946995169700864
-0.0031617630936632266
-0.005608494801491524
0.003608326559880982
0.005219052067118848
-0.004031744705830059
-0.004798838276585847
0.004417062625458858
0.004354798826301456
-0.004767066402766874
-0.003881539396534106
0.005083300634372652
0.0033816903448090924
-0.005347360171717378
-0.0028503136093013925
0.00555101681623589
0.0023222461267688125
-0.00570014066772307
-0.0017813309332453302
0.005802802356103589
0.0012431367018416024
-0.005859458790103352
-0.0007027659535236191
0.005865587242191428
0.0001700575666278674
-0.005808601003457345
0.00034711097019144593
0.005707233612808616
-0.0008501807011040686
-0.005560728061642457
0.0013415889289341335
0.005364796050993369
-0.0018088506902370141
-0.005128158232809404
0.0022432720159940153
0.004852163059841565
-0.0026402653640249896
-0.0045411417384179096
0.00300835285551647
0.0041991207242832685
-0.0033440816898143394
-0.003824110739135786
0.003643167672013118
0.003430913431568295
-0.003901344574963565
-0.003013361028806951
0.004114939739626137
0.00259066841455064
-0.004288546755028237
-0.002153231761130528
0.004424370538046986
0.00170814342069796
-0.004507998081109824
-0.0012659065270723324
0.004549652810339974
0.0008311147486360401
-0.004538300175243469
-0.00040503702388178405
0.004494113054065276
-6.355700311687678e-06
-0.00441937688346781
0.00040383370324833384
0.004303035001327075
-0.0007854894622915901
-0.004153298169496884
0.00114039736132387
0.0039677345156994255
-0.0014728986798877757
-0.003754334216091497
0.0017856066212000928
0.003506961309506136
-0.0020713091526323862
-0.0032321588768826352
0.0023331151762571813
0.002942737058926915
-0.002554090559651174
-0.0026323064794116116
0.002752956616768308
0.0023143012650208594
-0.0029190419162860395
-0.001988107894089058
0.0030498032183597437
0.0016546808553712003
-0.0031392562286424166
-0.0013230494114192409
0.003189644328087449
0.0009824995458135118
-0.0032047609696142067
-0.0006444695168766922
0.0031860633997362934
0.0003061848747135957
-0.0031339398504256545
2.328265747343845e-05
0.003060578318766257
-0.0003350918719164484
-0.002957588019162271
0.0006217601710800088
0.002820337366095084
-0.0008956329811962975
