Spins Simulated:	100000
Sample Rate:	1000.0
Sample Size:	800
Read Time:	0.8
Diffusion (cm^2/sec):	1.0
X-Gradient (G/cm):	0.001
Y-Gradient (G/cm):	0.001
Z-Gradient (G/cm):	0.001
f0 (Hz):	250
Data Start:
0.0
0.9984263972186902
-0.10621225347261373
-0.9858861133178854
0.2107937298590714
0.9610397560609086
-0.31219831440092055
-0.9243221341855521
0.40894508943399105
0.8763656150239587
-0.49962959206996604
-0.8179887094858808
0.5829571484406826
0.7501842029162469
-0.657790994288094
-0.6740856041601739
0.723135789799737
0.5909520160026652
-0.7781753671623617
-0.5021404562147165
0.8222933802604832
0.4090782855626417
-0.8550671650108049
-0.3132300544432822
0.8762487542014155
0.21611838283247692
-0.885819233648805
-0.11920867170224592
0.8839518603984947
0.023942207051221052
-0.8710122910057654
0.06833593896210885
0.8475490660130904
-0.15632490463724144
-0.8142549537436071
0.23886875532393081
0.7719697544075351
-0.31494687437034763
-0.7216688908315301
0.3836658582580071
0.664428313897155
-0.4443089700759392
-0.6013722565121804
0.49630940540917295
0.5336987233317011
-0.5392537862539583
-0.4626643367063659
0.5729322502573043
0.3894988822253787
-0.5972825364998071
-0.3154088366783911
0.6123986412008303
0.2415700540231583
-0.6185511381893283
-0.1691005962717209
0.6161409869993851
0.09903254996221728
-0.6057120779163987
-0.03230523576981002
0.5878992087022569
-0.030265066070373325
-0.5634321616906203
0.08796005081768601
0.5331231952316731
-0.1402072051382559
-0.49781884389562353
0.1865704071917422
0.4584204080402375
-0.2267148484752214
-0.41581853241898165
0.2604480410328433
0.37094846356898525
-0.2877012591376481
-0.3246922510933181
0.3085345635910295
0.27789803068225066
-0.3231246687991183
-0.23134541476500375
0.3317309596637177
0.18578423993012091
-0.3347178732770705
-0.14186980600972987
0.3325145126627844
0.10018731634064901
-0.3256040551638242
-0.06122069485045237
0.3145250761611064
0.025406980210290322
-0.29985602187909205
0.006967570578268142
0.2821867061355923
-0.03567624680744467
-0.26209937062831723
0.06057638478770126
0.24018298865117332
-0.08162649965075941
-0.21702089814628722
0.09886997324798248
0.19316229856233366
-0.11239617009201808
-0.16909719782861177
0.12237823272101243
0.14528846244924473
-0.12904192502888387
-0.12214877972135045
0.13264475400537257
0.10001015086281187
-0.13347715856108391
-0.07915694580474394
0.13185088026272251
0.05984177969280253
-0.12809571056666919
-0.04224149132954633
0.12255447436096656
0.026486075248311005
-0.11557268007913571
-0.01265228303795408
0.10749341225860647
0.0007357963589298607
-0.09863560928654383
0.009288106622178978
0.08928708538920763
-0.01746971263671447
-0.07972138193886213
0.023916456549204105
0.07018098988578031
-0.028766930695907734
-0.06086106890432388
0.03216205895238964
0.05192674416592576
-0.0342525392531173
-0.043502200889566196
0.03520730252075434
0.0356961215939043
-0.035198949503080224
-0.028582858328626788
0.03439662239658143
0.02221653844579767
-0.0329714618854729
-0.01662199288614327
0.03106821526932559
0.011801275875935976
-0.02884493641315963
-0.0077047294648694455
0.026408949274405066
0.004291592103453375
-0.023872968461686097
-0.0015206659446637273
0.02133065181809587
-0.0006797449798105998
-0.01885678769462364
0.0023784763649712815
0.016496011267893296
-0.00363749366814589
-0.01429693401873921
0.004533551341039028
0.012274398263902081
-0.00513679725141424
-0.01045536812912586
0.00551664169399843
0.008852233475557332
-0.005713413879428318
-0.00745751672372339
0.005781033272256606
0.00625249712884698
-0.005759511791305009
-0.005222396413598845
0.005691086011327251
0.004347264138003519
-0.005596256056946923
-0.003596201517115318
0.0054919261195225996
0.0029433768454658754
-0.005401723178297142
-0.002379415695448325
0.005345116364276274
0.0018860544980427326
-0.0053099078342838096
-0.0014309736750921708
0.005282366523591446
0.000985279789198981
-0.0052753820534745645
-0.0005455763998463915
0.005263468848828252
0.00011008611712412469
-0.00522564753926581
0.0003284720681890469
0.005151670563934478
-0.0007599370227043214
-0.00503972126499261
0.0011958132633138872
0.004884191706907286
-0.0016179996646152313
-0.004705761160631703
0.0020200401150321542
0.004490534998890258
-0.002389775478785796
-0.0042415431363665
0.0027289256495279892
0.003964347013622933
-0.003009223010936505
-0.003661995131843541
0.003219261264996309
0.0033401490858627815
-0.003368637322998985
-0.0030045537503286235
0.0034547899411786877
0.002685119724835745
-0.0034699883540765357
-0.0024032745040276364
0.0034232248891153407
0.0021646995634260076
-0.003307699489028579
-0.001976698472413343
0.003153263747464781
0.0018592445642923291
-0.002957143936033197
-0.0018163168223453612
0.0027401599931831254
0.0018568457603450027
-0.0025208755560303187
-0.001988786697628486
0.0023127104388940478
0.002211401666214159
-0.002155572300558654
-0.002530267463117405
0.002069344343500323
0.002952703338041156
-0.0020492082721670895
-0.0034500801716155507
0.0021419960642708054
0.00401160188837195
-0.002354288949575947
-0.004605572164263651
0.0026962393844215692
0.005206043515944151
-0.003187482042858359
-0.005791090565720329
0.003807068269204891
0.0063484817606323015
-0.004589099526101478
-0.006835908648105588
0.005529844738629756
0.0072273422244021664
-0.006620383928049876
-0.007480499811513117
0.007831697727106623
0.007573691637488796
-0.009158138649357028
-0.007487994054341228
0.010567048169468133
0.00717489009344667
-0.012021047304642258
-0.00661798730200364
0.01349446192177979
0.005803505306850314
-0.014949848028504915
-0.004740415168297921
0.016323470481053714
0.0034383584396343388
-0.017583876535756757
-0.001927937210657249
0.01868825533073625
0.00021797639453203127
-0.019611177055021998
0.0016892018137671947
0.02032974991980621
-0.0037758844310491545
-0.020811635084578232
0.0060021290222543565
0.021016833392082213
-0.00833926410325195
-0.02092677777177401
0.010721773942491247
0.020533978639524213
-0.01312273676817728
-0.01981835006339224
0.01550384047965827
0.0187743745989848
-0.017819147734192506
-0.017415910546637273
0.020023854646780047
0.015743944102490536
-0.022061201270634295
-0.013783662622164669
0.023894055845591552
0.011563905822422801
-0.025486038176624776
-0.009101520804067446
0.02680157074616723
0.006434510653821041
-0.027801243687475687
-0.003605987908079358
0.028460222429423292
0.0006697025783257129
-0.028762896923346118
0.0023324919184125182
0.028694766408860217
-0.005356406829474021
-0.028254914861840105
0.008346732432314609
0.027456301724160206
-0.011247838561742192
-0.026299372316462552
0.014021047677598054
0.024797945668653502
-0.016617515850568625
-0.022970761323655088
0.018979129510018882
0.02083757756232342
-0.02107372176782963
-0.01845513615009496
0.02286735976466722
0.015854429779235447
-0.024336829777334125
-0.013090839280444062
0.025447835669179134
0.010216794694386048
-0.026191469254003483
-0.007274592395626497
0.02657305571204827
0.004320502235018516
-0.026592562054040543
-0.0014174388644479323
0.026246430058011225
-0.0013995717128002128
-0.025562339763910574
0.004074700539692445
0.024564991433523347
-0.006581407907330951
-0.023275589669201145
0.008891274064278507
0.021724651289936853
-0.01095220562505082
-0.019958440896593575
0.012747768232670063
0.018018762132351433
-0.014259769405889093
-0.015957374081733592
0.01548133661248374
0.013796203799101228
-0.0164036351473309
-0.011598352444183623
0.01703228047812973
0.009385362447848808
-0.017352938970772835
-0.00719804917770645
0.017385188513892324
0.005086479585326058
-0.01714372045919769
-0.0030928989428042767
0.016657738419774668
0.0012373374394998033
-0.015975110516674565
0.0004397066541398694
0.015125589393340494
-0.0019424645146570152
-0.014149007601890301
0.0032636323026013427
0.013056127032967232
-0.004376075451469123
-0.011878751128538752
0.0052937466388532336
0.010646978691671811
-0.006018161511516747
-0.009386489468199227
0.006549929830033703
0.008116616776304446
-0.006890329764173329
-0.006880495309742326
0.007048743165039103
0.0057056370263077515
-0.007054020372713367
-0.004617212222517942
0.0069231672741961615
0.003621224073677362
-0.006686741517833013
-0.0027236814398274006
0.006352293646206216
0.001933444543639996
-0.0059462435682420935
-0.0012609714684106747
0.005495846903227465
0.0007075564191801609
-0.005018519745540799
-0.0002620126584609355
0.00451976920422788
-8.61705166210135e-05
-0.0040251208443956845
0.00033622240400793725
0.0035574023861360163
-0.0005075834516308741
-0.0031172165913021335
0.0006047903039378954
0.002702070505392974
-0.0006452683551545187
-0.0023270424330308374
0.0006207449302872095
0.001999398369498037
-0.0005403178557297305
-0.0017225902183480174
0.0004323271517826432
0.0014887528300413701
-0.00029846556791459717
-0.0013137462052895837
0.00016420826470061464
0.001198955694615301
-3.3834161006926916e-05
-0.001134275192605421
-8.682096967561798e-05
0.0011186295057781601
0.0001916755097109337
-0.0011388304286588948
-0.0002723406019209751
0.0011831271865126668
0.0003279938189247317
-0.001245319312196014
-0.00036100086601598987
0.0013317777893816852
0.0003614047341171726
-0.0014305759287138058
-0.00032792149003760734
0.001531189284608176
0.00025801721650733087
-0.0016140487014360456
-0.00016002889340779178
0.001678367006516611
4.576441937824587e-05
-0.001701551956991606
8.016551574166314e-05
0.001701338805809347
-0.00020883065807451347
-0.001670099685851153
0.00033953953225540883
0.001629711786914696
-0.0004860807470948266
-0.0015819294560833754
0.0006399602168202198
0.001520161005814778
-0.0007999730160042278
-0.0014334844759293607
0.0009548306632912824
0.0013263768467138084
-0.0011098391984959786
-0.0011953764619199317
0.0012536455150443293
0.0010444859011023652
-0.0013723358081911725
-0.0008763188347390967
0.0014718080351079773
0.0006949415747156555
-0.0015342072848912379
-0.000511560793191014
0.0015799208513936492
0.0003234847570162594
-0.001597997858749937
-0.00013164191926211749
0.0015850652100712751
-5.685578359532119e-05
-0.0015388511444940707
0.00024823213563895057
0.0014482611754077085
-0.0004142116556581249
-0.0013211868756489538
0.0005666084424019347
0.0011797768463090556
-0.0007019699778915896
-0.0010188919861272273
0.0008207894188739251
0.0008405159771811609
-0.0009074993337545224
-0.0006369686265722934
0.0009556789457261529
0.00043106327330761046
-0.0009699944842422281
-0.0002304483442715924
0.0009604725880775272
1.6185170543396996e-05
-0.000909108821145008
0.00020441008060390447
0.0008255234426084433
-0.0004199935679078773
-0.0006925865839180121
0.0006100837609363714
0.0005215751482644255
-0.0007940533795608806
-0.00032504065473895193
0.000950527462862172
0.00011105615166420552
-0.001069954102400039
0.000134744438333753
0.0011462435807380364
-0.00041943193064513073
-0.0011629031314102753
0.000706812901266048
0.0011304128827004203
-0.0009960233797084324
-0.0010243529376449717
0.0012680274222603258
0.0008663844770523475
-0.0015224649644248712
-0.0006607837595106502
0.001747845363824244
0.00042535400119295065
-0.0019398349415468534
-0.00016022858713574874
0.0020788286654890658
-0.0001367313884883116
-0.002177486059203863
0.00044137847673198367
0.002223066538060725
-0.0007753533173198594
-0.0022184837213079477
0.0011026980440662795
0.0021761511128196433
-0.0014250609037772383
-0.0020845309605610606
0.0017260591491862188
0.001953338237707996
-0.0020089987725386022
-0.0017874066346866843
0.00226901400087439
0.001589088858990472
-0.0024934364043342067
-0.0013526218816880165
0.0026860806863181104
0.0010866394733015006
-0.0028599665220964358
-0.0008150383360540155
0.0029869111715360823
0.0005278927902688424
-0.003061488106921421
-0.0002316433449574599
0.0030881503029530667
-6.611119007071269e-05
-0.003083546421984892
0.0003551211357973813
0.003040360104486652
-0.0006485080452501857
-0.002968233578928841
0.0009233673150530798
0.0028692534811931986
-0.0011810598411703215
-0.0027418371060017053
0.001411552732040165
0.0026016559774663627
-0.0016062127685725824
-0.002449446648345664
0.0017874707330188463
0.002269067930233345
-0.001954256395492014
-0.002081532808765784
0.002081646787787765
0.0018792266789749512
-0.0021822138064462736
-0.0016612440344750282
0.002273552830852459
0.0014269004965752525
-0.0023288051106116763
-0.001190210803134217
0.002357563061310273
0.0009570876965441481
-0.002354792821945162
-0.0007427991822051607
0.002330813330691973
0.0005557216704884033
-0.002278479966493818
-0.0003954052369610666
0.002208931583710266
0.0002643635498775108
-0.002133887765909824
-0.00014677605970678362
0.002054209128733831
4.504670334447295e-05
-0.0019617423432627275
3.242089940493341e-05
0.001871752337502387
-9.379745592238295e-05
-0.0017897778560591767
0.0001431769380011376
0.0017167535076773569
-0.00017402648676546128
-0.0016571060296367373
0.00019113412883402036
0.0016217287749867274
-0.00019878177355592863
-0.0016064576539987288
0.0002152663051447462
0.0015903544947246022
-0.0002480929273903984
-0.0015910933402523328
0.0002936989016197508
0.0016062454047354078
-0.00036012173460614027
-0.0016421069726276142
0.0004481219667045714
0.001674965076752731
-0.0005494215993916195
-0.001708167959474538
0.000658504325978395
0.001738015132441998
-0.0007935586014380041
-0.001754981609455792
0.0009412128060706791
0.0017614142764322664
-0.0011055449468414052
-0.0017442348713411376
0.0012765877310812075
0.0017219981313148249
-0.0014573556264233913
-0.0016740439057628036
0.0016556429460492482
0.001579707320812057
-0.0018617258974938458
-0.001440361399596784
0.0020568787038277416
0.0012698735861288374
-0.0022309525140938105
-0.0010748059571942252
0.002365387088799803
0.0008444327793954137
-0.002459208734765237
-0.0005952364272068406
0.0025367016694049127
0.0003124185042305387
-0.002576840479711099
5.5405288283615355e-08
0.0025797979012499544
-0.0003227066676411093
-0.0025454077217387443
0.0006542008390012636
0.002475406021161943
-0.0009929447191485456
-0.002365969032251696
0.0013251132705303017
0.0022083996346118073
-0.0016456231630618326
-0.0020059356469212665
0.001947355302879322
0.0017692919458593048
-0.0021980548885526
-0.0014903845416305709
0.002400887167583353
0.0011677456113577582
-0.002552517295104889
-0.0008252199931058983
0.0026515423044153347
0.0004887736063516816
-0.0026980222624401074
-0.0001502083200864467
0.0027087420204531453
-0.00018451282286766218
-0.002681966954716144
0.0005185206156851495
0.0026141494748083984
-0.0008345427302949183
-0.002514639050833037
0.0011414942792334283
0.0023865874224957614
-0.0014176292488628838
-0.002228891525911382
0.001685253983341319
0.0020296497881835793
-0.001927603155093815
-0.0017958947133146588
0.002137051400495025
0.00154608867615373
-0.002310037284616961
-0.0012781466267640315
0.002453485553949428
0.000995441446806623
-0.002561960393114798
-0.0006922870959297544
0.002635787538698927
0.00038137802636299147
-0.002687256016364534
-6.523961632305751e-05
0.0027031641247533683
-0.00024233673332341046
-0.0026735520439372285
0.0005408461151631378
0.002622775925805788
-0.0008309367580423785
-0.0025389599872070534
0.001108785519943494
0.0024126844920361336
-0.001358128634296696
-0.002249504268865942
0.0015889303657875406
0.002041752318881229
-0.0018011906178542771
-0.0017963380927002617
0.0019992735881385047
0.0015487787676717196
-0.002164865562477317
-0.001294878604993736
0.002281858724877611
0.001040859759793353
-0.0023640475156781952
-0.0007917909778528848
0.002406617543858119
0.0005479307643367643
-0.002436299358657863
-0.0003023319191376069
0.0024387530796894726
6.923015519058182e-05
-0.0024172463874260162
0.0001574615512875503
0.0023692778157703995
-0.0003757542641758769
-0.002296291446240211
0.0005848951590708099
0.0022030532388111453
-0.0007914321268391388
-0.002084729409013762
0.0009790990786331102
0.0019590261476411437
-0.0011426719273535022
-0.0018211994487808698
0.001303950811663349
0.0016734459276634306
-0.0014545316176961928
-0.0015046221019038727
0.0015945442062156895
0.0012967715814518096
-0.001706650597283237
-0.0010692926403118343
0.0017739454329355807
0.0008432861725873247
-0.001806718494091741
-0.0006242259785879817
0.0018106960647741876
0.00042456729586965185
-0.0017826445397582027
-0.00024272496068984266
0.0017282385254503555
6.3793103693028e-05
-0.001643352905418318
8.636829686897985e-05
0.0015514464238580222
-0.00022688149345319572
-0.0014698342942172245
0.00034642725206631266
0.001381193200353307
-0.00045121126534804917
-0.0012847101698352636
0.0005310227769385705
0.0011850113049650805
-0.0005967321398694167
-0.0010900861006084702
0.0006597473588754128
0.0010025044250446188
-0.0007096383611866218
-0.0009128003496992711
0.0007425680256188185
0.0008193742243348793
-0.0007693034601750873
-0.0007215961967740211
0.0007703581563293581
0.0006242563981172356
-0.0007387894686721622
-0.0005235040616802144
0.0006946352889224457
0.00044497881076180113
-0.0006361150154294736
-0.00038981047179003167
0.0005669023543596987
0.0003530469309012447
-0.0004899535471883392
-0.00033713284693525465
0.0004031611899570687
0.000338119917014716
-0.00032715005367648915
-0.00034446734014279966
0.0002602121956945234
0.0003458547408489008
-0.0001916323959215775
-0.00036377476802182775
0.00011811620710191834
0.0004057569510540663
-6.84684106339726e-05
-0.000450457626574769
2.7095620377709213e-05
0.0005023239413215664
-2.1372232489819387e-06
-0.0005609008869118724
-1.189726971091503e-05
0.0006228476917747447
1.7705079990382828e-05
-0.0007027195756615896
-3.080224913359349e-06
0.0007877522740632525
-3.4753041394930246e-05
-0.000866602549474972
8.58441221151188e-05
0.000938702298994453
-0.00014033881639397027
-0.001007225860164079
0.00020383945802727703
0.0010603360009475103
