Spins Simulated:	100000
Sample Rate:	1000.0
Sample Size:	600
Read Time:	0.6
Diffusion (cm^2/sec):	1.0
X-Gradient (G/cm):	0.001
Y-Gradient (G/cm):	0.001
Z-Gradient (G/cm):	0.001
f0 (Hz):	250
Data Start:
0.0
0.997185857359755
-0.14176956709693112
-0.9748090393866863
0.2797343436781567
0.9307553355223257
-0.41019884011653496
-0.8663873280989894
0.5297625774765475
0.7836852114750839
-0.6353697897518455
-0.6851512409522537
0.7244793369343973
0.5737119286967641
-0.7950768425410358
-0.45264946677567086
0.8457516502442812
0.3254583925016241
-0.8757396772673749
-0.19569560762073324
0.8849346249224109
0.06692957463039892
-0.8738434779843286
0.05743641165467837
0.8436199114585269
-0.17429824167285385
-0.795910922022184
0.28085651815075247
0.7328243758999826
-0.3747689927576456
-0.6568607099632283
0.45419612981047136
0.5708026052233948
-0.5178191080351473
-0.47758382129183685
0.5649006020319459
0.3801965881065636
-0.5952361124777156
-0.28159376453905305
0.6091606271750621
0.18456888423788706
-0.6075080479383472
-0.09168760924829908
0.5915373036607863
0.0051969649228779105
-0.5628499544190941
0.07301869457469475
0.5233681163772833
-0.1414913990397806
-0.47517291159814296
0.19917140956733898
0.42044319748259634
-0.24545449316470075
-0.36141559335053314
0.28016128016031394
0.300234815002571
-0.30347434031408954
-0.2389312573944473
0.315952033446026
0.17933048831795223
-0.31847677231295407
-0.12300806487955665
0.3121395788113178
0.07127637071971768
-0.29822368481882394
-0.025147856354085445
0.2781235764308865
-0.014678027671494258
-0.2532964879419339
0.04778466549149538
0.2251804135411846
-0.07404515995732645
-0.19515196836438545
0.09360835231389243
0.1644910296902493
-0.10685100444450586
-0.13431750817669383
0.11430807528856529
0.10558180837997239
-0.11667347711152154
-0.07904437078724101
0.11473235456568565
0.05527502496738304
-0.10931308497842236
-0.03464223082567157
0.10125430512918744
0.017330639548978045
-0.09135345730712384
-0.003357270226339378
0.08036078928249135
-0.00741252725408319
-0.06893531864722052
0.01520792638925456
0.05763099199910912
-0.020337736815504326
-0.04690903017078686
0.023198549386139633
0.03709431945605439
-0.024190957074707337
-0.02842976616918779
0.023737601747227603
0.021047601118607998
-0.02224752872721911
-0.014968614843293409
0.02007606445341631
0.010148910533671862
-0.017538836963619353
-0.0064796347919792415
0.014899515014640626
0.0038256494240325825
-0.012360402359130133
-0.0020180912402218277
0.010068077763732506
0.0008572473057373375
-0.00810276271132729
-0.00018271457244306783
0.006507728994487717
-0.00017242693211661064
-0.005274804927712095
0.00034392591078193834
0.004363389889285583
-0.0004372169715061608
-0.0037085373349777804
0.0005445587087670701
0.003234001670552854
-0.0006921148050079846
-0.0028833629056008443
0.000884475967201434
0.0025955023628255972
-0.001107339131247894
-0.002311073766098844
0.0013532861048295155
0.002014621197027256
-0.0015940913456401686
-0.0016922381264042135
0.001812420743932304
0.0013496097908035356
-0.0019737187468592855
-0.0009831217598560754
0.0020579495945044633
0.000635306208731661
-0.0020638894553070986
-0.00031002787362088407
0.0019855722016032425
4.6383194136556534e-05
-0.0018367476475559185
0.0001195236222054676
0.001641961254692379
-0.00014549521263491447
-0.0014317997144113704
3.238424059878729e-05
0.001266954327526717
0.0002313951289891157
-0.0011901687232126787
-0.0006175057070462625
0.001240968666573812
0.0010948436868476413
-0.0014633021105211615
-0.0016192987225507913
0.00188452956874914
0.002139972354403703
-0.002517652437302699
-0.002593132660749379
0.003369831435272423
0.0029158399372734463
-0.004439401861889999
-0.003028531711735868
0.005689006233267872
0.0028732346406349766
-0.007057789940732887
-0.0024087562083265684
0.008473932640445048
0.001613218413383266
-0.009873250751637206
-0.0004508007443907327
0.011139394244088262
-0.0010698535308842556
-0.012183968571791973
0.0029329512837586403
0.012921096291721942
-0.005080930790827934
-0.013273347020011986
0.007433272337223104
0.01318401354400943
-0.009895153551764506
-0.012630613421112411
0.012367945388617841
0.011577119765873755
-0.01473605321495551
-0.01003977896249849
0.016903212555966694
0.008037921971102415
-0.018775464532182762
-0.005616084570519784
0.02026686793682533
0.0028474571350170525
-0.02128023795053959
0.00015935218498421748
0.021767738042187523
-0.003315418483887454
-0.021692716060273294
0.00650479373961855
0.02103910052249653
-0.009598071058183244
-0.01982059917803892
0.012493572798515666
0.018083559339986444
-0.015086750649862764
-0.01589027293862861
0.017291104775068747
0.013320655857439741
-0.019015883817582572
-0.010461753804327774
0.02021475363604564
0.0074223056367618764
-0.02087622307477105
-0.004306648859733063
0.020995967695200034
0.0012293782119306286
-0.020581270660552778
0.0016926663190378213
0.0196775014985151
-0.0043725964925507895
-0.018324756222558056
0.00673858892879901
0.016612414979065987
-0.008718928127963951
-0.014634850573247917
0.01028798436464933
0.012475198279478471
-0.011428239429083428
-0.01021757799606219
0.012116741806467027
0.007952241447018586
-0.01239563934809164
-0.00577069592458823
0.012279637944031216
0.0037448469522658834
-0.011839124569780512
-0.0019283278324524601
0.011123873816070393
0.00035642042822253375
-0.010195807537990103
0.0009436917858713914
0.00910462599802585
-0.0019366689252813417
-0.007947750377492575
0.0026327189915790854
0.006787765509945239
-0.00305221504502093
-0.005686850400859458
0.0032288689783290642
0.004690572466376472
-0.003221870973405577
-0.003822470732663093
0.0030724036836465214
0.003120236799694637
-0.002840171253545035
-0.002581270691630996
0.0025518572268514715
0.0022236144407002867
-0.002277598224116729
-0.001993905634847497
0.002054099849536854
0.001877648356804577
-0.001907940362480335
-0.0018489094060035335
0.001842896959754514
0.001865025529233959
-0.0018714473084153786
-0.0018769039651211651
0.0020001107192045378
0.0018611172430782763
-0.0022079192793231475
-0.001795020592817697
0.002466927964382394
0.001653469314547683
-0.002764403034467411
-0.0014226745514791988
0.003077567530185237
0.0010954316024144623
-0.003375120689443718
-0.000672291063931444
0.003624676682683733
0.00016367105227858603
-0.0038033755407073508
0.0004332613534830883
0.003896905728668166
-0.0011000688369935264
-0.003865836553617497
0.0017929093525070438
0.003711901756803258
-0.002485306537564981
-0.00341372088425369
0.0031648446228950498
0.0029731759565165897
-0.0037956448492619576
-0.002380493461760254
0.004346560643317698
0.0016701201918006827
-0.004784390184280763
-0.0008510905643985768
0.005057511525689529
-4.547306308325049e-05
-0.005156620276068812
0.0009676893137640687
0.005081698736625681
-0.0018957692661399018
-0.004833943309128808
0.0027842054382128095
0.004422885156010583
-0.0035922724625099493
-0.003849686694041088
0.00429860520805464
0.003161208802451592
-0.0048757387092924764
-0.002369844758754513
0.005312130160053387
0.0014936792114203833
-0.005595835118417759
-0.0005655894236814312
0.005705777182414222
-0.0003785181404273038
-0.005647258740216347
0.00131323376984378
0.005409194358927994
-0.0021923655841751466
-0.005024031310159811
0.0029764237537513037
0.004487023319215294
-0.0036289445751477877
-0.0038421610707669923
0.004135786640709523
0.003116888256687271
-0.004492570057010853
-0.002355538239165732
0.004702566024714723
0.00159247345123089
-0.004776284946034
-0.0008652631761483199
0.0047289411973199125
0.0001909553024094751
-0.004560429374808451
0.000413790801005911
0.004296695022581208
-0.000928730885946057
-0.0039646847718892994
0.0013490913121302218
0.003589376994148981
-0.0016664944312225554
-0.003196725318309024
0.0018952058211285764
0.0027999073832995183
-0.0020348286326349876
-0.0024171832931342047
0.0020944034462317437
0.00208418069256365
-0.002084992077579396
-0.0017949351988005176
0.0020361754294355825
0.0015534048397178504
-0.0019521774285454518
-0.0013843318776729627
0.0018737617566610774
0.0012916248981973126
-0.0018134944300360304
-0.0012435615479645804
0.001786435808968972
0.0012346967521235396
-0.0018109555993815845
-0.0012619743429202635
0.001890754734773701
0.001293177459779615
-0.002025406225243991
-0.0013065319690341683
0.002230088663903329
0.0012966165105980714
-0.0024866805156025175
-0.001231120042473863
0.0027961981947593547
0.0010703231739135337
-0.0031495680577994746
-0.0008166264786247166
0.003498866280384171
0.0004745043733822402
-0.00381772329695242
-4.390458143339644e-05
0.004074624020772614
-0.0004817191869293514
-0.004256979850684787
0.001076188780054548
0.004344255487565803
-0.0017259552837279068
-0.004321675095744063
0.002415040030095225
0.0041724086258446095
-0.0031145252808805813
-0.0038979332751388402
0.003805219959782049
0.003504083046370426
-0.004458386032181882
-0.00298030957710627
0.0050391998303863945
0.0023438551465643814
-0.005536120344157566
-0.001605556424747704
0.005923570490092422
0.0007772240869369643
-0.006183397236598467
0.00011066612929002704
0.006291013434321273
-0.0010333363353890043
-0.006257002938791997
0.001960550369981738
0.00608052321578389
-0.0028618964089618375
-0.0057606579317478115
0.0037223802263638716
0.005316893326211836
-0.004519331215673441
-0.0047440706191697974
0.005228345018432278
0.004065426417925526
-0.005835081476468998
-0.00330760682432431
0.006322310368622591
0.002461324210362481
-0.006672411667247662
-0.001558556669353232
0.00689766767315732
0.0006164176912907335
-0.006985127842545694
0.0003379601087512269
0.0069259862137382635
-0.0012720274767837225
-0.006738716503852176
0.0021725836897794042
0.0064236107114130124
-0.0030394349389331254
-0.005991909280747112
0.003844517145517014
0.005441410571356029
-0.004568191007114298
-0.004794775119031106
0.005192579223522003
0.004061300169684725
-0.005706082966756792
-0.003265067272511849
0.006112704776111339
0.002413396288391496
-0.006377829753460039
-0.00152331888236849
0.006513778430689892
0.0006103885103985403
-0.006512576302218692
0.0003011831192077679
0.006372471483556021
-0.00119610604870445
-0.00610997834071807
0.0020685454285086324
0.005719453050286014
-0.0028791856076771567
-0.005199351546728967
0.0036022058393278835
0.004574784957415116
-0.004231477714887728
-0.0038662224333493207
0.004748874788139752
0.00309231125403953
-0.005144507034347444
-0.0022758367326660197
0.005422598813068022
0.001419382554156373
-0.005558718660707641
-0.0005466454165287946
0.005563780503519761
-0.00030796190646949857
-0.005439409250263032
0.001137944993603157
0.005189189619928217
-0.001935941758617669
-0.004821275033390825
0.002675232768705761
0.004344036640259408
-0.003342336011060086
-0.0037591782976308073
0.003914765104694974
0.0030915538396569073
-0.004377586066069826
-0.0023523776287033508
0.004729921236301082
0.0015750465724909562
-0.00495833197128394
-0.0007724083127464455
0.005054171068811619
-3.31411010790604e-05
-0.005023546491113427
0.0008192401688220769
0.004867461726463642
-0.0015740581509643469
-0.004590066602828354
0.002274175768574844
0.004194520136389952
-0.002900420073720982
-0.003688557075314667
0.0034345542283904474
0.0030968960310630016
-0.0038637391486918355
-0.0024422413473626572
0.004184017864006847
0.0017528154128091508
-0.004377313770120365
-0.001051353939924095
0.004453672566970526
0.000352890470212906
-0.004431773935654828
0.0003263245681660864
0.0043090432338005365
-0.0009592643229414923
-0.004080661195357222
0.0015403995627811242
0.0037554747587562848
-0.0020428964372600548
-0.0033620982142391178
0.002476637786788877
0.00291233241168371
-0.002819471148937735
-0.00240676099076778
0.003072698754937104
0.0018890443210605777
-0.0032394934486889232
-0.0013796101983347677
0.0033133905463412945
0.0008766636624772855
-0.003304519499708671
-0.0003862025598481012
0.0032242495690593094
-7.310015340124254e-05
-0.0030943879034268187
0.0004892172028165891
0.002894103062941841
-0.0008441600576875468
-0.002643833630042853
0.001162525403569215
0.002363937762883979
-0.001439273971224467
-0.002051113160474489
0.0016638895503511572
0.001717111555240015
-0.0018164676531732065
-0.0013723170749344097
0.0019069547760649141
0.001036978470747336
-0.0019484624235911175
-0.000708184355610521
0.0019249200131685284
0.00038177972400482745
-0.0018490881173624657
-6.889018665420129e-05
0.0017106780094587421
-0.0002116768500804869
-0.0015198649379194803
0.000438678368451081
0.001291907407026448
-0.000608176394382402
-0.001045543696317078
0.0007088490294213077
0.0008012956411677984
-0.0007481427779766394
-0.000588116092468244
0.0007388331536830811
0.0003975354908578232
-0.0006836160349756358
-0.00022853585830693676
0.0005790573514787622
9.328902948857354e-05
-0.00041659079009463413
-1.2430327912844198e-05
0.00023033785053894272
-1.5456345252630724e-05
-4.8000444041587084e-05
-1.211411657510755e-06
-0.00012419184807175698
6.570085745313917e-05
0.0002690506097490034
-0.00017265918688818513
-0.0003906037748059262
0.00031411639013555285
0.00045508105323561435
-0.0004681003747099983
-0.0004735954745031034
0.0006303420523145932
0.0004548349518747444
-0.0007870407029309069
-0.00038998862778892666
0.0009185099015763102
0.00027542984517014274
-0.0010307580750384315
-0.00011690799723677842
0.001103830378683119
