Spins Simulated:	1000
Sample Rate:	5000.0
Sample Size:	1000
Read Time:	0.2
Diffusion (cm^2/sec):	1.0
X-Gradient (G/cm):	0.001
Y-Gradient (G/cm):	0.001
Z-Gradient (G/cm):	0.001
f0 (Hz):	250
Data Start:
0.0
0.32924546704896196
0.6217278832462919
0.8447942073701182
0.9735614162610882
0.9936858576670683
0.9029742009513135
0.711611029527056
0.4410279046283817
0.1214776357849505
-0.2113291128308537
-0.5202418993879363
-0.7708080510743599
-0.9351376514575899
-0.9949990742264228
-0.9438486360703049
-0.7875500353286644
-0.5437012150002805
-0.23965805039241436
0.09055752386325047
0.4100493165450539
0.6832069934285423
0.8796394118450991
0.9776010418123602
0.966387886236014
0.847498273627192
0.6344555869889132
0.351260778198217
0.029686377516511955
-0.2942933450425552
-0.584550927729968
-0.8088111861789158
-0.9422753544879383
-0.9703459446879921
-0.8902325259599242
-0.7112276621600374
-0.4536295476118029
-0.14643521249886027
0.17593268665938563
0.4774896462351166
0.7247109767309126
0.890255470285293
0.9560051184182338
0.9150530614981732
0.7724147470959128
0.5444222424946138
0.25685317382569695
-0.057981253866856236
-0.3648853323264579
-0.6297121663662077
-0.8231764653187943
-0.9240822233242202
-0.9216658133269873
-0.8167226687835447
-0.6214777487066987
-0.35814549767385284
-0.05641922871867555
0.249901180795373
0.5266837663302362
0.7432826115574493
0.8759403201572726
0.9103897865569303
0.8433924225010302
0.6830320134140385
0.4477388445854409
0.16417467642510383
-0.13579711698207111
-0.4186921530931827
-0.6531436641094782
-0.8133968368144465
-0.8821379398642722
-0.8523625042149687
-0.7280735280804387
-0.5237781671742487
-0.2627824781042634
0.025473156870944043
0.30872811390681193
0.5555196058318398
0.738685781563624
0.8383531861591872
0.8441043596233915
0.756053042440076
0.5847471550967515
0.3499127205974714
0.07819203296198646
-0.1998954959690122
-0.45338961326784155
-0.6543354959080329
-0.7808595106603502
-0.8195581776232739
-0.7669229906076173
-0.6296386950799049
-0.42373987607895136
-0.17273742040672285
0.09505905586533775
0.3497362928170778
0.5631261771847735
0.7119295030364432
0.7802589330254922
0.7613292806468814
0.6581243680447975
0.4829676862361713
0.256048390287775
0.0031056981949648104
-0.24750339690411277
-0.4679805121936738
-0.6341820280979933
-0.7282502835665589
-0.7405241174266686
-0.6705422316699314
-0.5269928755452182
-0.32662954480506046
-0.09234260774470958
0.14947754009829292
0.37191198981595425
0.5505004843799415
0.6659453191940179
0.7061940827851123
0.6676889669637742
0.5556595988069959
0.3834312643395022
0.170853827316478
-0.0579884339131113
-0.2775071961964377
-0.46347631972880626
-0.5956951317569165
-0.6602030780804364
-0.6507287442350715
-0.5693053075117751
-0.42591893500975286
-0.23730805994975732
-0.02499824202115805
0.18715614813998224
0.3756389812558993
0.5198893875459503
0.6045531277750861
0.6210960724391725
0.5686656619224545
0.454068244079019
0.29090493395385825
0.0979592773848993
-0.1029536271862035
-0.2894583498505446
-0.4411227024223237
-0.5416727481065411
-0.5807596221882639
-0.5550038032530765
-0.4682784565356651
-0.3311393165035621
-0.1595712930171699
0.026892790407207028
0.2073681783591109
0.361981180560204
0.474045785512489
0.5318612926350684
0.5299286305452603
0.4694711338904898
0.3581635775451935
0.20919152621795772
0.039679060513216464
-0.13126987207306107
-0.28472771084301185
-0.40403326295153363
-0.47660360282426134
-0.4952482859414152
-0.4588809239133919
-0.3725198573956452
-0.24662439090875404
-0.09583942712791987
0.06270809038572944
0.21136405509876435
0.3338882268013493
0.4172537785228554
0.4529906153860507
0.4380761867317581
0.37514948693305017
0.27210012848403825
0.14109170525261758
-0.0028606447945240393
-0.14360317365798111
-0.2656690177975562
-0.35597364274579807
-0.40521142784431946
-0.4088084598993652
-0.3673213562554134
-0.286264817861133
-0.17541186703415235
-0.047613598180608833
0.08268250290767289
0.2010607522273415
0.29474554502846295
0.35395565435075027
0.3729342753410198
0.3504892850133142
0.29001831673885986
0.19903224508232362
0.08823749370212569
-0.0297183802612354
-0.14168793374111366
-0.23549708234919742
-0.30124821737836843
-0.33237355202734997
-0.32627417061308966
-0.28450758191767417
-0.21253070571445606
-0.11898392685601585
-0.014681454721352148
0.08865970153395655
0.17972024594105712
0.24880280524255893
0.28887791331836626
0.2962825170163092
0.2710475955965404
0.21679282112270565
0.14022752969677302
0.050332552785328784
-0.04268794458341343
-0.12855729775677704
-0.19806281169521656
-0.24403494517539576
-0.26209194438513755
-0.2510304591898712
-0.2128698270856734
-0.1525456573420043
-0.07727736252314933
0.004277176292652164
0.08303036750178724
0.15045850077554357
0.19953297051366212
0.22543654954062037
0.22602531994938158
0.20200509822769108
0.15673597682800947
0.09579639293727762
0.026307881468071885
-0.043904226910271606
-0.10716839044880667
-0.15682558369995372
-0.18790871333706505
-0.19762787788000022
-0.18562666585154372
-0.15391736143738713
-0.10658763948442214
-0.04927705578853729
0.011464290179032605
0.06893654715159712
0.11703360257823378
0.1508687169168791
0.1672780973502066
0.16509862561705335
0.145224255711271
0.1104266131915296
0.0649931837390199
0.01419908966278492
-0.036291329650116715
-0.08105445241307115
-0.11549341581779914
-0.13630469287940175
-0.14176683225174438
-0.13187777513451954
-0.10828957197947568
-0.07405734351560586
-0.03324324382163453
0.009524091992579834
0.04961313494866537
0.08285913316253538
0.10600196077235806
0.11698650843808167
0.11514677949043405
0.10121217801403955
0.07715730960087773
0.045962656423855865
0.011226457721071123
-0.023233232021322724
-0.053788121009615796
-0.07739689855788077
-0.09188310419123033
-0.09613843004579854
-0.09018490861509397
-0.07511144676791388
-0.05290562204048859
-0.026210301980552665
0.0019919335533593887
0.028701272919255803
0.05122756581228473
0.06744668981719931
0.07599481055417791
0.07637500580392201
0.06895523391944265
0.05487239919252299
0.035902391487469466
0.014209728915039395
-0.007862966872593267
-0.028083813759993484
-0.04451117978135633
-0.055706158313086784
-0.06081881472879002
-0.059665552741874704
-0.052684615321376145
-0.04086944599419676
-0.025630024897170218
-0.008639128987743728
0.00836223563147217
0.023733465995492566
0.036088702457966755
0.04440229043697136
0.04810358987767259
0.047079770093564205
0.041665537591983506
0.03259250076358182
0.02088978501375257
0.007759610476110364
-0.005527903234398712
-0.017762386795939007
-0.027892281949505028
-0.03510251943206401
-0.038870149836194696
-0.03899701194705741
-0.035612255642856236
-0.029138690830083726
-0.020240583607243595
-0.009762446621920863
0.0013456198998889808
0.01210567840502875
0.021587890423392056
0.028999460400410716
0.0337199610744342
0.03536926284488526
0.03381994210160545
0.029217764817393094
0.021981970133771876
0.01275121513908151
0.002346784900840218
-0.008299626349902382
-0.018231335796126694
-0.02653815964235338
-0.03243048547267612
-0.03533116085271263
-0.034928206060772696
-0.03120270048090844
-0.024442437343404077
-0.015238409996410799
-0.004418103579649147
0.00699636094915774
0.01791231645805007
0.027247971897079396
0.03404685137963289
0.03757752629101584
0.03742758910792445
0.0335278823092149
0.02619370311892913
0.016086742135655023
0.00417375868041085
-0.00837064032331514
-0.020271636636927014
-0.030294160926113336
-0.037376038453177135
-0.04072645564752778
-0.0399163287251665
-0.03495620862445348
-0.026280707280052752
-0.014722794603242578
-0.0014492535274957907
0.012175415683347462
0.024713204645847708
0.03481966250702682
0.04138808924177004
0.04366750700841643
0.041352417032876516
0.03462214730782896
0.02413459513878483
0.010956770019892911
-0.0035370528981292435
-0.01781797714521364
-0.030349841090595783
-0.039764776816509195
-0.04501036719704031
-0.04547531204374412
-0.041060424273855305
-0.032195360475744665
-0.019800294610255606
-0.005186221024827106
0.010085162312151449
0.024372276958220498
0.036118318132716584
0.0440330259203115
0.04722583828894848
0.04532940847241401
0.03852118518746806
0.0275164052492695
0.01348707773757962
-0.00205737354729299
-0.017430875420006754
-0.030963273286867952
-0.04117917069040558
-0.046957322733127506
-0.04765039627027499
-0.04317469549832505
-0.034002722868268345
-0.02112608720706808
-0.005935681623354119
0.00991736864232886
0.02470449914293852
0.036812649275218066
0.04492271706546391
0.048148942958124254
0.04614141626402306
0.039116650204317996
0.02784682843669825
0.01356164860623125
-0.0021783523242660872
-0.017662146643735187
-0.03119989718858221
-0.04132577288358702
-0.0469450702530135
-0.047452998739767285
-0.04279684114193602
-0.03349601340680154
-0.02057703843751308
-0.005457943708823991
0.010207498607264156
0.02471620157803986
0.036485173463765286
0.04424516930152314
0.04716550917473953
0.04494205319599311
0.03784450010804263
0.02666090473396198
0.012633606970311845
-0.002697345084779246
-0.01766937759052027
-0.03065173363359123
-0.040234140699017484
-0.04539010655487822
-0.04557986435201913
-0.04081995831764649
-0.03164931496949969
-0.01909792365845379
-0.004545991622558426
0.01041147792555529
0.024149322909108352
0.03517816633684229
0.042331454676385716
0.04485145891269452
0.0424917646439891
0.03553344070755906
0.024757187874491108
0.01135886943260864
-0.0031820121468603847
-0.017285944685319493
-0.0294255571140599
-0.038296734274858364
-0.04296062215448897
-0.04293719914855613
-0.03826011107745705
-0.029471173539108074
-0.01754342241948571
-0.003789568230503128
0.010284425526178247
0.023150122075554256
0.03341876071353757
0.039995139993566575
0.042189692856021095
0.039801799025423606
0.033111912103836384
0.02287753316571697
0.010232469161164943
-0.00343260244065193
-0.01662751257576973
-0.027930829341052545
-0.036123846773970035
-0.040342880130885835
-0.04015269020268595
-0.03561731399117235
-0.027256223496059568
-0.01600689891471315
-0.0031016477969932304
0.010047128389626698
0.02201276363765635
0.031513838634864885
0.03753305004255671
0.03944398381443922
0.03706489604293136
0.030675866546887982
0.021000339144597015
0.00910761696661133
-0.003700088230411973
-0.016026058623382876
-0.0265302256647524
-0.03408141978489848
-0.03787928706529184
-0.037527113056689064
-0.0330867292056283
-0.025070960476526943
-0.014376612726279336
-0.0021927711744408446
0.010147723955452107
0.021304544814909985
0.03007164175046376
0.035507607420939946
0.037036378983250955
0.034511423666704746
0.028231865612184555
0.01890609061299521
0.00757214844280139
-0.0045197385517840504
-0.016041143681336127
-0.025730390867175
-0.03254420990789586
-0.03575111196314846
-0.03502732908895281
-0.030464004692231827
-0.022591330596922466
-0.012293323241853567
-0.000712054009782429
0.010882198111472218
0.021220131601495877
0.02917831833626892
0.033898069090817155
0.03486934696026401
0.03199101747129545
0.025606923926331248
0.016433253413295417
0.005490929291839671
-0.0060075458453299115
-0.016784941699309438
-0.025650772692395338
-0.03163853021629102
-0.03409881917193431
-0.03277305050763269
-0.027822846862228776
-0.019808497010127612
-0.009635572277155634
0.0015614990342988115
0.012530992443475959
0.02205889718042442
0.029092587764820425
0.0328553737509901
0.03293966668684341
0.029349365134433536
0.022501495808581448
0.013176901946914323
0.0024216782151545335
-0.008556828058974007
-0.018533652359591504
-0.026403556611697743
-0.03129222310919289
-0.03266030734015453
-0.030356614997056528
-0.02465462028523351
-0.016203289497424313
-0.005960938809129852
0.004911311447821885
0.015193915749761524
0.023741086644039552
0.029586344644943283
0.032070566451224025
0.030917936419975856
0.02626903867211074
0.018659723957648477
0.008961461518100337
-0.001730219330401605
-0.012195392484405602
-0.02124411447031625
-0.027844045281567073
-0.03125449941559176
-0.03108819891481318
-0.02737841902931846
-0.020549893419777157
-0.011393586159915068
-0.0009583397686355568
0.009557780315753836
0.01895367632882262
0.02615508477186465
0.030332172675141822
0.031013686465153973
0.02811920296359796
0.02198443425424817
0.013319882401513482
0.0031316435389672575
-0.007399722200529411
-0.017058424084312043
-0.024726159872771297
-0.029514292089825096
-0.030862986067741856
-0.02861979158067565
-0.023042713726295756
-0.01478768740779451
-0.004814983560487252
0.005713270233323373
0.015556965447328281
0.023562725540988205
0.02880233516765664
0.030664382823220072
0.028926512617997897
0.02379058736192377
0.015851435348606748
0.006042194092961767
-0.004484929262238449
-0.014489018405250041
-0.022788972933366135
-0.02840475750063879
-0.03067388481250108
-0.02932276485071567
-0.024503605820592182
-0.01677527826407806
-0.007045505711328861
0.0035478344536393944
0.01375429872067893
0.02235816353373705
0.028338573573034785
0.030978870164746385
0.02995224386398264
0.02535980124584622
0.017729427387427558
0.007953119807118218
-0.0028234030642809724
-0.013322815069598927
-0.022294936914632545
-0.02866480861457731
-0.03165520841862292
-0.03088808797208862
-0.026436811930967835
-0.01880421851727879
-0.008873252674302832
0.0021820405546463567
0.013063881340210567
0.022469125054992527
0.029272498128128342
0.03264435315252052
0.03214759008155679
0.027803288277276645
0.020094994153391443
0.009912485153351577
-0.001546930447080192
-0.012926551573541582
-0.022879566404745814
-0.030199505749333264
-0.03398429081999353
-0.0337495032448846
-0.029484238121322386
-0.021661441144256416
-0.01117173428111445
0.0007565143857932206
0.012728145369105163
0.0233187826310805
0.031246095049339142
0.035544526755387496
0.03565225060311094
0.03151033186002418
0.023569035425533232
0.012725474083125856
0.00023155506554409843
-0.01243505268205377
-0.023771593841212756
-0.03241013625260931
-0.03729068161013696
-0.03779720260648017
-0.0338094788727487
-0.025749726473171055
-0.014527592712322825
-0.0014393929875101527
0.011983313659711463
0.024151184594331573
0.03361260981075585
0.03921079685979224
0.04023489267790888
0.03650123313525136
0.028390455984534133
0.01681672529586883
0.003109503956294687
-0.01113714081256054
-0.024237926170999128
-0.03464226252446154
-0.04108460676197496
-0.0427596317758427
-0.039419580727421966
-0.03139464503520644
-0.019573697730140976
-0.005304629622534055
0.009758815427727312
0.023856870944253056
0.03532706499315636
0.0427920258420596
0.04532906606663805
0.04258995635356572
0.03483215773633937
0.02290901360352457
0.008171281818710852
-0.007682683958010795
-0.02281725276049966
-0.03545413815633929
-0.044095236668264884
-0.047694785170420875
-0.04577632118868819
-0.03851045411705425
-0.02669143542887188
-0.0116446545154797
0.004918114523032452
0.021084292850928592
0.03497067079458234
0.04494284666170982
0.04980320159237062
0.048932329360461484
0.042381649410590146
0.030864111320726757
0.01566056326964006
-0.001495646126220254
-0.018632494088361463
-0.03377703205562869
-0.045152820802178806
-0.05141444193310075
-0.05179037287804871
-0.04619166914693968
-0.03521322412250029
-0.020082382626257708
-0.0025131865922004256
0.015493866975257474
0.031858689902471364
0.04468442033131175
0.052456782914427874
0.05424157765170739
0.04980732466177342
0.039617462645196715
0.024805080809875833
0.007047242493191037
-0.011641369154095443
-0.029115096887336902
-0.043346140887358824
-0.05268466722116244
-0.05603387665942102
-0.052974802957196025
-0.0438251132625441
-0.029610060873078162
-0.01193599925389546
0.0071856016301391976
0.02557283504499268
0.04111668152275814
0.05203076254085263
0.05705384867478527
0.055585573295837375
0.04777306153869114
0.03447921910358038
0.01719856378671079
-0.0021074098842401782
-0.021249149151771944
-0.03804332431345328
-0.05056395714529767
-0.05737092950762568
-0.05766495148711796
-0.05139502221387825
-0.03925835260324738
-0.022617124625523923
-0.003352689978204863
0.016349698596767166
0.0342472218510465
0.04830436838063076
0.05690945721782609
0.059065274185966014
0.054524062349521396
0.043783145902068214
0.028050490881314092
0.00910666412736587
-0.01089347910445134
-0.02968099553047731
-0.04512150385694216
-0.055468027413349365
-0.05953431639623799
-0.056849738559116236
-0.04771403200114205
-0.033160517310591206
-0.014842492100106651
0.005161320756471838
0.024581917776739605
0.0412162400676638
0.053179266958852396
0.059116909352327364
0.058363658171240757
0.050996606385232755
0.03785847819722231
0.02044892553885223
0.0007421916460770604
-0.019034711470067148
-0.03663877712743307
-0.05008329643919937
-0.057845892773896866
-0.059054659948879984
-0.05358858147669195
-0.042074510386939955
-0.025825443314582894
-0.006695646618867545
0.013144947173548529
0.03145547905532881
0.04616835406634244
0.05562842696471089
0.05877821447627522
0.05528343622284692
0.045561904430642196
0.03073649641336708
0.012503180570871785
-0.0070707992215920295
-0.025775960712936884
-0.04150278818771785
-0.05248284778047871
-0.05749668586149636
-0.056009879293730636
-0.048209150869429646
-0.03500044536908581
-0.017906422232244458
0.0011215117211768142
0.01992164288776007
0.03637334789294881
0.048631085328646254
0.05533280755983384
0.05576073465750904
0.04990880801868599
0.038467845548072865
0.022765838023140257
0.004596917869622357
-0.013968272287304214
-0.030829490017913158
-0.044102228671946395
-0.05231334445743307
-0.054577124585090245
-0.05068254990171756
-0.04111283046548875
-0.02699233398754964
-0.00994032697279163
0.008098270034069816
0.025084521309589276
0.039110603785788796
0.04862276493871425
0.05258924261388764
0.05061045168721977
0.04295837224759904
0.030538899663018326
0.014791188238486729
-0.0024849515815929036
-0.019327708906309454
-0.03384932810085507
-0.044426255535114006
-0.04990143646498929
-0.04970717141757999
-0.04391274330360763
-0.03322779416515103
-0.018906934930575135
-0.0026072563921690703
0.013813239615324267
0.028499422370983043
0.03981411446367622
0.04651283799863779
0.047885630309061886
0.04384924937300267
0.03492331597396834
0.02217207048198553
0.007079850972071055
-0.008622989766428713
-0.023155123885366523
-0.03489141769256606
-0.04254061116195563
-0.045291881702717085
-0.04289784455078246
-0.03570570586491955
-0.024582660356539793
-0.010840556705524142
0.0039251864636491995
0.018035969508604498
0.029900544720880967
0.03821876340890862
0.04209645337880489
0.04116297680793735
0.035595976824412116
0.026092321404150826
0.013787053144005227
0.00011909553921059325
-0.013344978562737196
-0.025078291818709585
-0.03378569492835783
-0.03851949516712589
-0.03881336332276071
-0.03470061170133926
-0.026718393540569787
-0.015834223061648167
-0.003338030268967268
0.009304376947038595
0.02065876532125039
0.02944723215663335
0.03471344418397205
0.03592440349821992
0.033019528549812806
0.026408280314595748
0.01691727924972491
0.0056903981992178975
-0.00595723081217926
-0.016680745658373148
-0.02527619344558454
-0.030798507923013838
-0.03267471457500451
-0.03076558522173091
-0.025371232590501367
-0.017183114446250612
-0.007196696033264086
0.0033950599440440233
0.013360353126671108
0.021569288573152944
0.02711269544930687
0.02940518513042095
0.028250011622729148
0.023856557736412928
0.016807764765818755
0.007979159996738013
-0.0015662133733994313
-0.010707807325483439
-0.0183994274303263
-0.023777506041664075
-0.0262688789444174
-0.025647660399279525
-0.022059999482980343
-0.015991589089162424
-0.008201940060730745
0.00036721863487990206
0.00869803973942825
0.015816625860279564
0.020910562230888254
0.023432468775583862
0.02315175604450471
0.02016038498842066
0.014873860147748408
0.007957383754873015
0.00025950816732637507
-0.0072938362388576036
-0.013809668690628314
-0.018548404883633424
-0.020980686865453516
-0.02087339041636186
-0.018297768945505763
-0.013609652941591013
-0.007409013369287811
-0.00046319805852963405
0.006383467873307363
0.012320690529648255
0.01666152221852988
0.018916714038514772
0.018858490478199045
0.016539314956738233
0.012281793514228668
0.006633856554065959
0.00028928327144788336
-0.005982326642112198
-0.011425782744415629
-0.015400933286854181
-0.017445726707354222
-0.017340442257448664
-0.015133369264495133
-0.011125020336979857
-0.005825266287334717
9.970826086435703e-05
0.005928538002414073
0.010953050582237533
0.014579531991863811
0.01638091241830994
0.01616495157510737
0.013980591616472172
0.01012118425740142
0.00507530382136733
-0.000534750437170452
-0.006028480399413489
-0.010736189663523474
-0.014108780880462338
-0.015739145904411337
-0.015440554393532169
-0.013263351028877306
-0.009480298455150632
-0.004557616288876096
0.0009067610713142378
0.006250827277817128
0.010827379212825342
0.014085574830327532
0.015633001249279802
0.015276416536218354
0.013055832580561878
0.009237596643480108
0.004287830409537171
-0.0012026311675566934
-0.006570104119864861
-0.011162002504138482
-0.014414810173197396
-0.01593760790512681
-0.015533780514112623
-0.013235179845710012
-0.009317036247421487
-0.004245951062078287
0.00137479846252314
0.006866128263941073
0.011559635777633186
0.014888097953072043
0.016456380098523665
0.01605917909991118
0.013736280197348818
0.009754455812553716
