Spins Simulated:	100000
Sample Rate:	1000.0
Sample Size:	1200
Read Time:	1.2
Diffusion (cm^2/sec):	1.0
X-Gradient (G/cm):	0.001
Y-Gradient (G/cm):	0.001
Z-Gradient (G/cm):	0.001
f0 (Hz):	250
Data Start:
0.0
1.0
-0.0007259407566299207
-0.9999978180853687
0.00301236814464859
0.999986449438267
-0.006093457266630187
-0.9999583889799413
0.009802090801260772
0.9999059965338641
-0.01403802801318125
-0.9998219310889112
0.018741539678746474
0.9996986412780855
-0.023872938124940825
-0.9995287139895341
0.02940108654380999
0.999304674108137
-0.03529746845743067
-0.9990193389983129
0.04152962813855892
0.9986658276193251
-0.04807744803995951
-0.9982365247506083
0.054928221871129695
0.9977241498821544
-0.0620653691898143
-0.9971219082763491
0.06946772644086943
0.996423006972924
-0.07713522925130346
-0.9956188197811976
0.08507265724006348
0.9947024712722792
-0.09324676134379446
-0.9936682668241478
0.10164652894713935
0.9925085218509943
-0.110270374309281
-0.9912159322844799
0.11910696695522288
0.9897836659031295
-0.12815280510661253
-0.9882046370675514
0.13739824524877456
0.9864711508905983
-0.14683505925353676
-0.9845771685916073
0.1564563026141774
0.9825163012235035
-0.1662475369961274
-0.9802826045737756
0.17620081919566538
0.9778671919820211
-0.18631483029706442
-0.9752669247812094
0.19657514737476522
0.9724744661089034
-0.20697341342638906
-0.9694813647991857
0.2175067716362955
0.9662846924212563
-0.22815127396192494
-0.9628782115654245
0.23890763694644934
0.9592557973192756
-0.2497663701376267
-0.9554163570650198
0.26071254850252884
0.9513521746599719
-0.271743809084698
-0.9470583534370551
0.2828536148702492
0.9425316514347468
-0.2940354373187333
-0.9377648243776976
0.30527584571806116
0.9327545849727458
-0.31657284637553956
-0.9274930132233268
0.3279112570571533
0.9219838939179904
-0.33927151488188123
-0.9162237666579365
0.3506458455609957
0.910214381999495
-0.3620207074768779
-0.9039504968603737
0.37339179155391894
0.8974322736832516
-0.38474284022668387
-0.8906504023254633
0.3960793597209678
0.883603944207035
-0.4073808659565221
-0.8762984394998877
0.4186261977037213
0.8687335232073914
-0.4298170747463762
-0.8609058361773291
0.4409392784661492
0.8528188667594182
-0.45198935771379195
-0.8444635012418135
0.4629645742537138
0.8358388113547788
-0.4738549055430832
-0.826951962551592
0.48463019580867245
0.8178067693802066
-0.49528291428733645
-0.8084034549902885
0.5058118915757476
0.7987424614144981
-0.5162126481084247
-0.7888216965814846
0.5264735946187066
0.7786494038374021
-0.5365737132294501
-0.7682330184236431
0.5465061380503505
0.7575748050463894
-0.5562595297462487
-0.7466785875129259
0.5658225244302229
0.7355521878165614
-0.5751924371475436
-0.7242029489357181
0.5843549375534379
0.7126408468058182
-0.5932949296090713
-0.7008719947217922
0.6020058462464766
0.6888951337200024
-0.6104912520203941
-0.6767167561997318
0.618730943935068
0.664351234365424
-0.6267236683735805
-0.6517944030544458
0.6344673788120937
0.6390551756466006
-0.6419515178182408
-0.6261396489953887
0.649166779198985
0.6130587021982519
-0.6561045652524281
-0.5998236165189762
0.6627661204105652
0.5864407380580683
-0.6691430010616862
-0.5729218297360671
0.6752284955280989
0.5592635708502531
-0.6810256092539527
-0.5454869030964629
0.6865182209338377
0.5315982662842925
-0.691704450824798
-0.5175972509466086
0.6965858801218435
0.5035105814242724
-0.7011399995420695
-0.489343283887604
0.7053780792614799
0.4751077648979202
-0.7092991755525879
-0.460815908692337
0.7128976242731591
0.4464741716350175
-0.7161682170694693
-0.43208834310650573
0.7191036592398284
0.4176758023661455
-0.7217071391827338
-0.40324355406783036
0.7239844100723851
0.3888036739336329
-0.7259373357791922
-0.3743625615256407
0.7275633888248338
0.3599487499557978
-0.7288562668287513
-0.3455619966389136
0.7298273704880432
0.33122038211458954
-0.7304696590664929
-0.31693651362188474
0.7307874514296971
0.3027089997604094
-0.7307807607525394
-0.28856392540206144
0.7304597619175976
0.27450749839349686
-0.7298294077687346
-0.2605512589576533
0.7288914344232867
0.24670131146365049
-0.7276602293715094
-0.23296539459217466
0.7261302440812244
0.21936058357215055
-0.7243060476350768
-0.20588753357593753
0.7221927482913612
0.19255130085593952
-0.7198056200137495
-0.1793626037380747
0.717144920397389
0.1663356624816351
-0.7142180347474801
-0.15347865618395773
0.7110287976950911
0.1407953932345594
-0.7075953268897582
-0.12828191884547854
0.7039192466066998
0.11595360474740525
-0.6999997446813931
-0.10381895885359388
0.6958563705347146
0.09187767777191963
-0.6914996068781839
-0.08012979263177447
0.6869380083954715
0.06858119155915525
-0.6821725544931643
-0.057233467933697185
0.6772110331457715
0.046102188255766716
-0.6720576621474249
-0.035182866629108106
0.6667248781106975
0.024479993110603362
-0.6612337323214158
-0.013995779093419869
0.655582793462544
0.003738836298402959
-0.649775778635458
0.006285586951754344
0.6438278580466382
-0.016079481380933264
-0.6377532124196417
0.025654719431864845
0.6315598630092256
-0.03500389267359244
-0.6252529531766197
0.04412101527064744
0.6188311445158559
-0.05301158022195348
-0.6123077475959962
0.06167106281589895
0.6056948873740721
-0.07010122803105076
-0.5989977443977477
0.07829953337186152
0.5922308543785925
-0.08627250484719527
-0.5854047585610831
0.09401459337881266
0.5785232562004262
-0.10153051640659416
-0.5715843436906117
0.10882972200609073
0.564604471772687
-0.11591352328660282
-0.5575897439593559
0.12279015967042908
0.5505394787790223
-0.12945840086410648
-0.5434670590980147
0.13591992137323325
0.5363759991195737
-0.1421799948293983
-0.529275317822212
0.14823415801951498
0.5221629122708312
-0.15409476858986831
-0.5150475447161323
0.1597564354702474
0.5079308483150863
-0.16523047924024412
-0.5008265321146037
0.1705057632000047
0.49373721615480387
-0.1755941897898961
-0.4866708679713443
0.18050429160764112
0.47962154550166225
-0.18523495795609182
-0.47260472342391735
0.18979493115530968
0.46561694238280316
-0.19417996877426325
-0.45866188658395896
0.19840692487664105
0.4517455590368036
-0.20248165429023995
-0.4448650753991927
0.20640104545650975
0.4380317874646059
-0.21017348744403377
-0.4312383960729802
0.21380644328866003
0.4244864924860616
-0.21730775103038083
-0.4177761178299211
0.2206715798223797
0.4111086844452205
-0.22390421422382564
-0.4044889537824714
0.22701405437873243
0.39791404561938326
-0.230001546075703
-0.39138373021189926
0.2328675949131044
0.38490019024428296
-0.23561224457553437
-0.3784640089017526
0.23824584063097318
0.37208332214077827
-0.24077185820299846
-0.36575433629525284
0.24318587603603678
0.3594841346309
-0.24549815368644728
-0.35326076537615453
0.24770468006087792
0.3470884192109701
-0.24981654794266167
-0.34096486384640007
0.2518377347309573
0.33488566430735206
-0.2537667091556356
-0.32885509119702294
0.25561353995305824
0.32287392981000035
-0.2573791722080154
-0.3169426198149524
0.2590657657943035
0.31106130796107617
-0.26067814301743547
-0.30523002970341745
0.2622132982727031
0.29945019449877236
-0.26367075880532037
-0.29372032847615764
0.2650497412525539
0.2880390642099023
-0.266359222436722
-0.28240916584001347
0.26759557522924327
0.27683131639582725
-0.2687629724589781
-0.27129650888330914
0.26986428192765194
0.2658120731390907
-0.27090078805328455
-0.26037746013460383
0.27187930319221815
0.2549857944616563
-0.2727988040855031
-0.24963263926400653
0.27365742043102326
0.24431772512451896
-0.2744571318600807
-0.23903851061113213
0.27519485601095384
0.23379612663158367
-0.27587677172536873
-0.22859305504958155
0.2765108630463081
0.22342778252172502
-0.27708559200878974
-0.2182976728537516
0.27760999180728657
0.2132010471932525
-0.27809062497821135
-0.20814236287877005
0.2785221606539139
0.20311227480057506
-0.27890676796872
-0.19810149527882562
0.27924492755103475
0.1931230054486752
-0.27952290166984767
-0.1881806417116838
0.27975427407333303
0.18326872410631975
-0.279923334410355
-0.17838746364336677
0.2800345721257061
0.17354291135918146
-0.28008862101485416
-0.16873147571516395
0.28008816065231495
0.1639523326165199
-0.2800331840177726
-0.1592066450082012
0.27993521321086134
0.15449484124856847
-0.2797779066693364
-0.14981055992412973
0.27957508578098644
0.1451587039449991
-0.2793208463956427
-0.1405352422004021
0.2790232711899351
0.13593864216573948
-0.27867690130318445
-0.13137757992927437
0.27827932287574997
0.1268562170850702
-0.2778294760611583
-0.12237405356415132
0.277328281230749
0.11792066722722401
-0.27677525447767887
-0.11349759194207144
0.27616961202271245
0.10910711456769913
-0.27551169014332644
-0.10474948868658125
0.2748070693174982
0.10042642842476766
-0.2740407202633022
-0.09614285646467773
0.27321015589361386
0.09189922040364874
-0.27232492468428576
-0.08769370208904151
0.2713847189087891
0.08353009816943416
-0.27039225438326575
-0.07940693281452463
0.26935532290231345
0.07531941929578302
-0.2682720362828283
-0.07127270214654353
0.26714570818464783
0.06727735803898055
-0.26597502390235817
-0.0633280927775446
0.26476655811856015
0.059422000021340175
-0.26351590199848995
-0.05556546007077213
0.2622213618944334
0.0517589783381118
-0.26088924399850655
-0.04800319639712821
0.2595135797106704
0.04429828523939693
-0.2581055475531384
-0.04063795318989092
0.25666654133685796
0.037030644814600666
-0.25519226684461355
-0.033476436893142864
0.2536892416527872
0.029976480843248235
-0.2521577122058212
-0.02653075013757889
0.2506005258663573
0.023133494613945708
-0.24901819692121085
-0.019776404829849565
0.2474093099122669
0.01646900539038166
-0.245767204492385
-0.013209021864083344
0.24409895042724308
0.009996881137948093
-0.24240949953583257
-0.0068300486856343896
0.24069564507366434
0.0037147228027775894
-0.2389596595149884
-0.0006441076293104215
0.23720245684557215
-0.0023825308600790253
-0.2354190641723553
0.005359563134065485
0.23362135659301553
-0.008294510538904525
-0.23180954337976428
0.011188705794172691
0.22998193618570456
-0.01404303977680896
-0.2281364952280382
0.01685047796176929
0.22626825815930765
-0.019611148052322672
-0.22438624744256414
0.022334266763331324
0.22248275224421252
-0.025011620645127564
-0.22055482683858454
0.02764580387250556
0.2186047337574043
-0.03024053566892462
-0.21663825801137315
0.03279602469875958
0.21465553314808475
-0.03530566888999487
-0.21265629709862482
0.03777558725967654
0.21063982123499855
-0.04021274038577321
-0.2086061656604766
0.04261582380508421
0.20655947243162237
-0.044976756139736396
-0.2044925969410087
0.04729901223770293
0.2024120942626726
-0.04958121522362962
-0.20032470955742745
0.051821170093336165
0.19821868843862114
-0.054016042198343654
-0.19609453983881803
0.056172084415156455
0.19395585106664207
-0.05828814515712957
-0.1918016655417276
0.06036646126867736
0.18963375700655938
-0.06240414919071974
-0.1874555020259887
0.06440178180131728
0.18526946402833955
-0.06635927368524384
-0.18307844055127154
0.06828151876634751
0.18088319697246585
-0.07017081315026918
-0.17867717121478113
0.07202148640388287
0.1764553221352582
-0.07383525570520744
-0.1742331232083041
0.07561236982348242
0.1719939164666438
-0.07736063494821184
-0.16974587720544654
0.07906758479157261
0.16749180343552053
-0.08074924719170197
-0.16522994034221453
0.0823911077003681
0.16296313768351384
-0.08399612855014929
-0.1606923872295195
0.08557061256077034
0.15841048822523343
-0.08710839841695817
-0.15612164560212768
0.08860793158254648
0.1538249019319089
-0.0900689064192424
-0.15151751987878026
0.09149592180604063
0.14920123810694041
-0.09288659787909803
-0.14686924590500766
0.09423037923474828
0.14452155419557025
-0.0955329463423706
-0.14216362990077377
0.09679800469186907
0.13980861197788935
-0.09801477539413114
-0.13744955820927812
0.09917911118413066
0.13508094126132777
-0.10030021231718053
-0.13270605770343175
0.1013759898248708
0.13033624508691075
-0.1024044725254888
-0.12796937497059374
0.10338817633374364
0.12561132604788675
-0.10432979542140595
-0.1232585144262289
0.10523138776170178
0.12090946825378973
-0.10609224862456249
-0.11855348769158801
0.10691425408017534
0.11619494298052735
-0.1076987963226712
-0.11383428445978701
0.10844963958952093
0.11147661698368169
-0.10916050189580925
-0.1091162162534097
0.10982767239462146
0.10675929731716295
-0.11045462266196215
-0.10441084045570591
0.1110392218170076
0.10207082318447329
-0.11157929022663146
-0.0997462770531779
0.11208002334037766
0.09743145930114255
-0.11254006159714743
-0.0951247538166001
0.11295537146789365
0.09282177840110815
-0.11333734620398628
-0.09053266763221193
0.11368174720779729
0.08825016711081204
-0.11398821317606642
-0.08597257681462447
0.11425971683708436
0.0837175813874145
-0.11449020271176408
-0.0814720284738437
0.11468293164853208
0.07923763263858974
-0.11483996621249366
-0.07702627280781553
0.11495506064671362
0.07483091321514557
-0.11501962193782561
-0.07265221866132392
0.11504985422111137
0.07048174510041029
-0.11504893617902393
-0.0683327084094294
0.11500747819483403
0.06621024955831908
-0.11492537998915414
-0.06411247711602888
0.11480594051807394
0.062035113284267175
-0.1146629910203487
-0.05997576267208138
0.11449958256093204
0.05793004709325215
-0.11430525200672387
-0.05590297934595802
0.1140889953501785
0.05389172967293069
-0.1138500109940754
-0.051904613069018016
0.11358063413764859
0.049938552727024424
-0.11328012691597646
-0.047995233193577964
0.11295875377033479
0.046075505077435776
-0.11261100869089058
-0.04417938927075892
0.11224954023605335
0.0423047400652947
-0.11186699269271715
-0.0404540760297591
0.11145997757868494
0.03862928978233418
-0.11102608931278841
-0.03683254212715113
0.11056809645162011
0.0350621120277745
-0.1100878000184956
-0.033318208761764445
0.10958993782267289
0.03159714594030289
-0.10907108149712351
-0.029912611679155734
0.10853299512441206
0.028248958864029648
-0.10798052450929391
-0.02660665195947615
0.10741956385314333
0.024999096917831337
-0.10683903809608764
-0.02342267821490865
0.1062454763942308
0.021876930120253848
-0.10564269358887844
-0.02035995460648067
0.10502389106192285
0.018861710139734075
-0.10439102818705948
-0.017385391265949363
0.10374922324718505
0.01593230322605269
-0.10309967486319822
-0.014511106493856507
0.10244650360819067
0.013114454290191395
-0.10179115525297869
-0.011732406958293374
0.10112372184542082
0.010369065224504632
-0.10044887013760918
-0.009032041679267676
0.09975928661214725
0.007710761437512048
-0.09904330910841344
-0.006409132354598275
0.09831679181601835
0.005126072972610148
-0.09758324952984068
-0.0038598122975997276
0.09684227967275237
0.0026050869828295104
-0.09609061618620407
-0.0013695639022212232
0.09533242490474209
0.0001507469539217576
-0.09456431275636965
0.001047065528107529
0.09379253336749818
-0.0022336249252106364
-0.0930097105391697
0.003410808803015431
0.09222083095746154
-0.004568347558688109
-0.09142062092233098
0.005708602119975049
0.09060675580650414
-0.006821922761562339
-0.08978602371899745
0.00791462940232677
0.08896742289947933
-0.008983734391449403
-0.08813840447792559
0.010029679599389043
0.08730302505965751
-0.011060583254886722
-0.08646855692073946
0.012076447273716897
0.08562562251363072
-0.01307351641369079
-0.0847718096507755
0.014051338880535925
0.08390779391407178
-0.015016633334729074
-0.08303879953826179
0.01595852376162231
0.08216132342687572
-0.016878882868212618
-0.08128568518523892
0.01777864511066028
0.08041211943849164
-0.018650988237303875
-0.07953571825560571
0.01948743508977518
0.07866637691385195
-0.020298377029719553
-0.07779545747811484
0.02108148504194143
0.076930900396644
-0.021846461886770124
-0.07606855920559243
0.022593689889355912
0.0752106968970075
-0.02332782992544152
-0.07435612255598957
0.02405181772265762
0.07350791229409445
-0.02476250155581465
-0.07266047666772789
0.025450601957524622
0.07181791408635592
-0.02612712699147725
-0.07098708882568297
0.02679939757344278
0.07014582203101996
-0.027458789705253336
-0.06930566759293603
0.028110600109495773
0.06847080867378443
-0.028758020620485207
-0.06763160063679874
0.02938962429007002
0.0667870054522038
-0.030002697397469857
-0.06593981561887104
0.030605109518074474
0.06508454972951684
-0.03118757830014944
-0.06423042011052776
0.031750399874768596
0.06338007241483833
-0.03229878637878546
-0.06253116094404591
0.03284425384222969
0.06168391391936056
-0.033367035910492185
-0.06083715270310346
0.0338715523266192
0.05999727491224094
-0.03436537796922847
-0.05914894410345088
0.03485131595784079
0.05829502949930046
-0.03532935561447879
-0.0574433115814059
0.03579446601745299
0.05658649024460723
-0.03624862867272683
-0.055732627270975624
0.03668540316466808
0.05487197911261281
-0.03710208744704614
-0.0540118187684241
0.037501801527171044
0.05315586093014253
-0.03789148762149551
-0.05229666351609195
0.038268228904560955
0.051431200657355194
-0.038632257456083
-0.050567340020747066
0.03897282042724522
0.04970605854364803
-0.039293070476638256
-0.04885218018873215
0.03959125010669688
0.04801285966378242
-0.03987757080789769
-0.047188448824776935
0.040148579802748
0.04637162737496467
-0.04040761381297689
-0.04556394539009707
0.04066144843152511
0.044771224478404086
-0.04091555895048249
-0.043982309155834606
0.0411607571552187
0.04319609190292259
-0.04139665547310588
-0.04241872465990801
0.04161500736530152
0.041637810535148326
-0.041829174124313806
-0.040861755401919095
0.042037783184928845
0.0400875865320598
-0.04223886842543974
-0.03931434560884937
0.04243605973146105
0.038542334184241744
-0.04263036844178636
-0.037770896275280234
0.04280573283855447
0.03700049214552657
-0.0429661953087383
-0.036243539914145605
0.043114812294251625
0.03549727435870802
-0.04325476638818022
-0.03475937233920801
0.04338737723419541
0.03402961848351073
-0.043512420142664265
-0.03330547620257024
0.043626864569133304
0.03259168177641114
-0.04374265139987538
-0.03188464493440648
0.043852544352320104
0.031177745710857182
-0.04395798407451095
-0.03046569660957356
0.0440551664606157
0.029752605583528536
-0.04415601711426689
-0.02904882264341994
0.04425433794324154
0.028354826663827624
-0.04434945815677152
-0.02766820271417971
0.04443924167012616
0.02698266592079698
-0.04452905756108474
-0.02629083303506265
0.04461856700614441
0.025600587568844722
-0.044710225086619294
-0.024897530988593954
0.044793157053122264
0.024190127687944703
-0.04486829985476594
-0.023475656232525892
0.04493857107583965
0.02275410555850975
-0.044998073030157903
-0.022031874570346055
0.0450507960388506
0.021301201286076623
-0.04509325044181702
-0.02056769643832216
0.0451258579232229
0.019825800632111482
-0.04514684898770421
-0.019080004926598476
0.04515782755103083
0.01834205893824301
-0.0451626954341749
-0.01761330454547118
0.045159906268216976
0.016890649119328437
-0.04514206330637549
-0.016168425295757464
0.04510583214412314
0.015457553595317019
-0.04505586972946196
-0.014753236047000934
0.0449972151553448
0.014060189598345535
-0.04492370018448419
-0.013381189093306321
0.044839256716476504
0.012710812109718366
-0.04475219674618395
-0.01205424287261499
0.04466074280630265
0.011406184692527641
-0.04456677541791212
-0.010769425925409817
0.044468067314147534
0.010145770438601964
-0.044363921728425314
-0.0095274665436646
0.044256636094592315
0.008918837869938802
-0.04414537793698058
-0.008311176629179023
0.04403586492239496
0.007701589556578839
-0.04392070698951838
-0.007083144068103249
0.04380191506306442
0.006462892920712766
-0.043686438632154906
-0.005831472984537344
0.043568092646807555
0.005192698833066799
-0.04344548295258515
-0.004554873190241163
0.04331699268202676
0.003914776346967895
-0.043184786588667715
-0.0032745433848375095
0.04304738409138087
0.002636239190033077
-0.04290342369101485
-0.0019990761517374093
0.04275056821165893
0.0013592268605561327
-0.04258538729448824
-0.000713746263166345
0.04241383440817031
6.427716233717846e-05
-0.04222954753938914
0.0005862710400648845
0.04204923136508143
-0.0012372729698049882
-0.04186270392385816
0.001893463388815666
0.041661728947053576
-0.002551002026570816
-0.041440911948764717
0.003208165797449384
0.041202107796141946
-0.00386634921373253
-0.040945109051636036
0.004522387737045809
0.040667334611811226
-0.00517696694471464
-0.040376258959870494
0.005823030443324435
0.04006363613913353
-0.006458851406390256
-0.03972955029397468
0.007091726645480416
0.039377781405018415
-0.007714863342717482
-0.03900883017378764
0.00832860497480766
0.03862181367907716
-0.008932391471179664
-0.038207818839873266
0.009512978996731291
0.03777664046248857
-0.01007663118309165
-0.03732858594495429
0.010631279813599554
0.03685674501216959
-0.011175871409528106
-0.03636837343920425
0.011703655652855454
0.0358725492634164
-0.012206924166221524
-0.035376226452594466
0.012690516229743648
0.034863568771389485
-0.013150670835638712
-0.03434710579034518
0.013594621219746788
0.03381797106788473
-0.014022402240510276
-0.033282568416546775
0.014421680040693618
0.03273808371620214
-0.01479734066108344
-0.03219076630310526
0.015146866701357013
0.03164247327454554
-0.015474755249168607
-0.031107385748758012
0.015784207752582272
0.03057786881803309
-0.01607581280837237
-0.030064075552402075
0.01635618266093415
0.029567112311774675
-0.016618367753738435
-0.02907864169317907
0.016871135570136135
0.02859850238578616
-0.017111612165281724
-0.02812245231920568
0.01733949498920255
0.027651173129083353
-0.017558845611986538
-0.027184254392298806
0.017777096099269963
0.02673057681521271
-0.01798748882490562
-0.026282137141448947
0.018192165511261977
0.025838504573138597
-0.018390287691247557
-0.025403158180630745
0.01858264250267741
0.024969276347595538
-0.0187815608971414
-0.02453575909749645
0.018982587234731292
0.02410096583942103
-0.01918212451434703
-0.023661667280171238
0.01938962210719084
0.023214366667985306
-0.019597274784995858
-0.022759133436234567
0.019807970452180263
0.022295482792378283
-0.02000988171112506
-0.02181743955475383
0.020201746025587164
0.02132264821848147
-0.02038090257546073
-0.020811640847663595
0.020543415633858485
0.020293687696920786
-0.020681694043932667
-0.01976611644372726
0.020790089544852224
0.019236872278565288
-0.020880984479777667
-0.0187006982296268
0.020942441856896622
0.018165534063421883
-0.020973132708839676
-0.01763074454675555
0.020979757374702642
0.01709764276454381
-0.020957055930389126
-0.0165749658500776
0.020896379145251928
0.016066029355789234
-0.02081094709185929
-0.015575426407217513
0.020699264191936892
0.015107678044831927
-0.02056459523351095
-0.014662200112976854
0.020415761991588777
0.014243485865930692
-0.020256695090466015
-0.01385171683375741
0.020087449804939168
0.013490815343289254
-0.01991602378599164
-0.013157056301447517
0.01974592558964021
0.012857629614872228
-0.019583005123924222
-0.012595899252281054
0.01942556841907684
0.01236357291654318
-0.01928691847557823
-0.012148790808355625
0.01916143410162194
0.011969691170760651
-0.01905700077117325
-0.01180905590105198
0.018977020074221442
0.01165422498655759
-0.01891782583810657
-0.011503060107602513
0.01888480351005779
0.011355059730763818
-0.018871798100851118
-0.011202945306595515
0.018881795271271675
0.011049121492517218
-0.01891336791309577
-0.010888196565370828
0.01896467812656549
0.010711952740442983
-0.019032759515574583
-0.010520330433781415
0.019108222481842452
0.010314746290492593
-0.01919761881228117
-0.01009658569045241
0.019295603785769055
0.009849398148344157
-0.019393219405724887
-0.00958160195015836
0.019491268025382445
0.009290172321014003
-0.019593771501057736
-0.00897751911427174
0.01968896148795972
0.008646542054855365
-0.019782308458238414
-0.008303445490464781
0.019866130793349267
0.007957952792297437
-0.019941922670453194
-0.007608694657858686
0.020006756674906177
0.007242809434990186
-0.02006371696410633
-0.006866422642907819
0.020120491547825796
0.006481037578377703
-0.020174283424220653
-0.00608365401211036
0.020209130987787857
0.005673205443794464
-0.020227881459635177
-0.0052480307223594065
0.02022032822119466
0.004808156028829765
-0.020196270759984574
-0.004356678104419848
0.020150066500503657
0.0038983527204969927
-0.020083628120820367
-0.0034371930193643017
0.019990405244938836
0.00297680291624963
-0.019878928955147757
-0.002517432893833717
0.01974767204430632
0.002069409121821412
-0.019592318492418402
-0.0016377895829111076
0.019423043924840594
0.0012043132578879337
-0.01923024830452363
-0.0007851180742349207
0.01900608474318663
0.0003872549763986257
-0.018756317071614625
-3.914161131826639e-06
0.018486914966365862
-0.00036602209848077396
-0.018199742813364277
0.0007283830293843121
0.017896379141276262
-0.0010724444718101952
-0.017572127333794957
0.0013937979877811683
0.01723333559331743
-0.001686802900123075
-0.0168706019017337
0.0019463219552425237
0.01649698215007616
-0.002172562493605376
-0.016122330570620444
0.002369879689547372
0.015746072159112987
-0.0025338184730853966
-0.01537008021741267
0.0026630269810880864
