Spins Simulated:	100000
Sample Rate:	1000.0
Sample Size:	1200
Read Time:	1.2
Diffusion (cm^2/sec):	1.0
X-Gradient (G/cm):	0.001
Y-Gradient (G/cm):	0.001
Z-Gradient (G/cm):	0.001
f0 (Hz):	250
Data Start:
0.0
0.0627905195294171
-0.12389344352818213
0.18393867744270742
-0.24284776340218764
0.30049299451076084
-0.3567405618960759
0.4114445325495573
-0.4644397447838332
0.5155742953914775
-0.5647176723522481
0.6117336025566138
-0.6564924096598632
0.698869683328215
-0.7387588616998114
0.7760545018648655
-0.8106579150633451
0.8424871378561639
-0.8714592004895478
0.8975132870568765
-0.9205887527722504
0.9406406926835176
-0.9576320950374837
0.9715306282319616
-0.9823173951155668
0.9899834337947108
-0.9945330964049299
0.9959772056745222
-0.9943371441537777
0.9896420457060764
-0.9819305019517763
0.9712496525561903
-0.9576546770369869
0.9412134389282738
-0.9219984717228803
0.9000906333188844
-0.8755757561797118
0.8485459999814844
-0.8191077363222858
0.787370331065822
-0.7534442297815511
0.7174490480858652
-0.6795045480933802
0.6397427229207983
-0.5982888344005783
0.5552895771891727
-0.5108829194658765
0.4652215103819583
-0.4184546247755008
0.3707198249179691
-0.3221743997872321
0.27297057987218065
-0.2232544788025385
0.17317157073805023
-0.12287574766670369
0.07251874665789339
-0.02224122876313888
-0.02781398478606937
0.07750104003348238
-0.12667860465124958
0.17520411136875202
-0.2229513601602271
0.26977660335405024
-0.3155522039793856
0.3601597648043852
-0.4034835475709311
0.44540957885474336
-0.4858326731123048
0.5246531345218173
-0.5617759981471545
0.5971129965272497
-0.6305751625023718
0.662087662874505
-0.6915781542606435
0.7189860693706224
-0.7442541829053695
0.7673360962006608
-0.7881870038623906
0.8067734468561562
-0.8230742196021507
0.8370650940790766
-0.8487339604645445
0.8580710761648688
-0.8650785929326565
0.8697644669151756
-0.8721491341974862
0.8722469472374256
-0.8700912750325629
0.8657143744019884
-0.8591545741353072
0.8504609130194065
-0.8396826864353661
0.826877065201668
-0.812111700473273
0.7954512134877803
-0.776964774078106
0.756732324782766
-0.7348316629908831
0.7113567081570707
-0.6863899101947646
0.6600194767110484
-0.6323454799725684
0.6034602128637412
-0.5734645720685586
0.5424571296600621
-0.5105424844967525
0.477819027192259
-0.4443924849534493
0.4103711891972718
-0.37586070218771817
0.3409580772692626
-0.3057694461225647
0.27038920354936585
-0.2349305520684409
0.1994923556258332
-0.16417974177821265
0.12907951113569
-0.09428192152472903
0.05988638049008926
-0.025976340525603908
-0.0073654580335381125
0.04005190011560181
-0.07200109268990323
0.10314749385122939
-0.13341734035853242
0.16274576073611194
-0.19106963977813748
0.21832880343043332
-0.24446736582411888
0.2694423623569584
-0.2932038835916611
0.31571103888068763
-0.3369293496599001
0.35683216716063904
-0.37539236918557395
0.392585974506102
-0.40840034937683817
0.42281673000928854
-0.43582646898372374
0.44742496599361026
-0.4576165187084655
0.46641008896825825
-0.47380978280172514
0.4798317842478749
-0.4844868703961742
0.4878017857730009
-0.4897988320404976
0.49050641354911695
-0.48995866332710897
0.4881881869197155
-0.4852267684273068
0.4811164583347346
-0.4758943848056261
0.4696199238545391
-0.4623305809223971
0.45407530180138006
-0.444909120328025
0.43488174944547503
-0.42405495864994697
0.4124774536884363
-0.4002067837133984
0.38730152668141704
-0.37381111559218083
0.3597945943112559
-0.345307272918954
0.3304060616849066
-0.3151480136253275
0.2995880568418801
-0.2837774641874784
0.2677718253888228
-0.25162105796154555
0.23538651802339378
-0.21911600809600093
0.2028516648388184
-0.1866375335447779
0.1705246823843709
-0.15455644390769016
0.13878204874850508
-0.12323331938967941
0.10794636819610781
-0.09295986294556709
0.07831351790817948
-0.06402967777976083
0.050147971781905214
-0.03668878020485942
0.023676262938387885
-0.011135316931622005
-0.000912445262704467
0.012458105961765272
-0.023475254897792796
0.03396221697272826
-0.04390245719934357
0.05328716033583372
-0.06211128913774547
0.0703617161131113
-0.07804727062103502
0.08516020075707914
-0.09170739795644868
0.09768796395172127
-0.10310694230887532
0.10796829832862954
-0.11228389357214194
0.11606220838811464
-0.11931859167407172
0.12206413881665965
-0.12431324769286585
0.12608204557609284
-0.12738144769033746
0.12823656249509247
-0.12866104723773295
0.12867294884530786
-0.12828445072723849
0.12752473034861256
-0.1264085657879339
0.12495258127567552
-0.12318427632985726
0.1211287655212058
-0.11879794257860345
0.11621711407509193
-0.11339953231109064
0.11037665463441364
-0.1071626504599679
0.10377739499477809
-0.10023571553749873
0.09656984192947242
-0.09279738724433702
0.08893190022416449
-0.0849937607885264
0.08100117672940561
-0.07696945169424632
0.07290952732585168
-0.06883995729913663
0.06478170552146924
-0.06074731197916924
0.05674980990257183
-0.052807640800046934
0.04892573036983814
-0.045113349044888104
0.04137655065355805
-0.037725819611226626
0.03416886313640979
-0.030714693942228654
0.027366722228992998
-0.02414383749429204
0.021038827634786914
-0.01805912942092719
0.015210112464672531
-0.012495732935342351
0.009909239631227182
-0.0074573689209805
0.005142528271748252
-0.0029639388089593337
0.0009197203749356781
0.0009852760332286364
-0.002763087319701243
0.004409265384443711
-0.005927236493235157
0.0073170476625696755
-0.008588799438052162
0.009734745202185282
-0.010763598229720554
0.011675702970819048
-0.012478906039677941
0.013176665486816324
-0.013776264868955126
0.014277357247277031
-0.014684786374026447
0.015006046991998263
-0.015241853695283655
0.015401453571878457
-0.015486511284607379
0.015500763913690723
-0.015449534563256156
0.015330924189113753
-0.015162268097369778
0.014942600204098428
-0.014676064225306817
0.014369856119532322
-0.014026187308753418
0.013654312382902965
-0.013255854257242444
0.012826737616672045
-0.012382222149325049
0.01192510555036822
-0.011454770828164158
0.010978947608334753
-0.010493265868699133
0.010004485569882175
-0.009504590225947499
0.009000650870748299
-0.008497176627730162
0.007996950582214555
-0.007502345762407572
0.007016506682088129
-0.006530472150916861
0.006055466809471393
-0.005594797769235026
0.005144695418157837
-0.004709779802083471
0.004294997625223751
-0.0038967005588380066
0.0035195304914308373
-0.0031599101432096452
0.0028187295375796985
-0.00249080267834717
0.002184831411605279
-0.0018973406712888075
0.0016313362396508991
-0.0013850393625774585
0.0011502529205811728
-0.0009316539491625181
0.0007279835206993126
-0.0005437779480555404
0.0003785762246265708
-0.00023050011408779278
0.00010306086612948604
-7.673056960587e-07
-8.159201086228568e-05
0.0001559785682356532
-0.00022106646826871012
0.0002757952188067601
-0.00032069873479486066
0.0003488209058005116
-0.000365460979414986
0.0003742961808640568
-0.00037710086332455286
0.0003755182139857407
-0.00036899341972347047
0.00035465117251859966
-0.00033504946529153216
0.00031137410493512385
-0.00028175996455446253
0.00024246619012847895
-0.00020461353611033972
0.00016693919588161028
-0.00012556982622535188
8.326878930591006e-05
-3.991099030816172e-05
-5.733755939018933e-06
5.5363147069600156e-05
-0.0001032597934647234
0.00014743715188837177
-0.0001904521514718931
0.0002341784297694981
-0.0002763024871429946
0.0003144918486232467
-0.00034858357988891734
0.00038091209282750644
-0.0004104391189097599
0.0004334682294223949
-0.00044770021494266446
0.0004604780652976402
-0.0004678668159145355
0.00047002733978746415
-0.00046780052522477913
0.0004569002587861427
-0.00044430638231344625
0.00043437876960346274
-0.00041879114269529726
0.00040261578462563426
-0.0003778752813517735
0.0003551753491922017
-0.0003371889354498725
0.0003213778051006317
-0.0003111352833284906
0.0002979483526356364
-0.00028348978640787176
0.0002713065230935374
-0.0002624579781618387
0.0002512906664817825
-0.00024032935721403077
0.00023018231391816834
-0.00022213713528968648
0.00021141319312562568
-0.00019928989122377225
0.00019212372008678202
-0.00018574050016504783
0.00018944975747273683
-0.0001980873745349057
0.0002139880936989735
-0.0002307884223696296
0.0002480990448559883
-0.00026723062539135256
0.0002895427636412428
-0.00031456813444643797
0.00034554226411050203
-0.0003845214091957984
0.00042216678115725924
-0.0004622863070243515
0.0005075976884075686
-0.0005528599528741797
0.0005990068217966613
-0.0006426210536173201
0.0006908569867819853
-0.0007397319182713333
0.0007895500900033567
-0.0008356667526117913
0.0008750223596398346
-0.0009113101756860448
0.0009471117750130748
-0.0009819695964001448
0.0010128756875908182
-0.0010515376979038005
0.0010903138196875614
-0.001125995268982193
0.0011558614567550704
-0.0011789934426468208
0.0011995750008485637
-0.001220822196746215
0.001237063322542352
-0.0012505417010216934
0.0012607669434463076
-0.0012716479459766892
0.001277620886293904
-0.001278505553396945
0.0012740160000776059
-0.0012617610901684594
0.001244739763039938
-0.0012294415486672333
0.0012149611007894016
-0.001197506133114568
0.0011823197317209616
-0.001160120096486373
0.0011365019924707753
-0.0011188677801612671
0.0010931875656376264
-0.0010601793146458335
0.0010236911058211981
-0.0009809364652297121
0.0009375743546795536
-0.0008998592643475492
0.0008610058287145751
-0.0008272404128332593
0.0007830103516488552
-0.0007386982090948759
0.0006951798302612466
-0.0006475463236242796
0.000602336007917921
-0.0005616168292167466
0.0005207517762518814
-0.00047701453860265087
0.00043872730070123656
-0.00039989501784093147
0.0003544312298642977
-0.00031032637851567744
0.0002642173118884697
-0.00022235225489345345
0.00018095623998375587
-0.0001376008267809185
9.540864680879685e-05
-5.2854466622287595e-05
1.3591656077833338e-05
2.840353252826924e-05
-7.344418921326812e-05
0.00011551688541355447
-0.00015318166087228635
0.0001848283952082931
-0.0002148263840367961
0.00024241652972875082
-0.00026864250354254054
0.00029296476497734606
-0.00031723674796320367
0.0003383469663215889
-0.00035935117011241184
0.0003852435388709976
-0.0004119438886271941
0.0004343621049760758
-0.00045592036012388765
0.00047471257501379495
-0.0004980955747234499
0.000528815399447752
-0.000555438445090126
0.0005736331626267131
-0.0005862651724281442
0.0005961296820121021
-0.0005969741053859177
0.0005898486284589459
-0.000575604801059733
0.0005527516678655549
-0.0005223907349131636
0.0004856326262291008
-0.00043764562980568543
0.0003868814511032666
-0.00033116323263709984
0.00026518968059230033
-0.00018782274972320773
0.00010086139336402287
-4.2722200253266265e-06
-0.0001059057828708388
0.00023244375957587207
-0.00036528395326439694
0.0005036178592111213
-0.0006518603774126921
0.0008062130320497019
-0.0009619074424531904
0.001124800882450847
-0.001292520375402331
0.0014609446404990278
-0.0016364327782326263
0.0018139081053125123
-0.0019949064141271105
0.0021759959549817382
-0.0023584337926918515
0.002537454396911575
-0.002723705113494617
0.002904555394153042
-0.0030838669494171913
0.0032618883537672756
-0.003428410849453743
0.00359383655943496
-0.003753583884422438
0.003908452441909361
-0.004059305907660683
0.00419911615847152
-0.0043210149604397926
0.004426889717400128
-0.004522290529740521
0.004602657332419511
-0.004666638201834245
0.004717023829556252
-0.0047565469992800515
0.004781955935381337
-0.004794726583177776
0.00479174060374449
-0.004777782002074397
0.004750357400111471
-0.0047094925069200025
0.0046609684478281805
-0.004602449250385789
0.0045383508597525235
-0.004457364636683788
0.004371694290796332
-0.004275288097264502
0.004171203869738033
-0.004054462106828925
0.003932277323099067
-0.0038121750911728524
0.0036886520996784592
-0.003561173423439556
0.003424669542452983
-0.003289154183744001
0.0031478715662707625
-0.0030031659726270864
0.0028449947792222622
-0.0026861251370520734
0.002531949966507212
-0.0023826475972373194
0.0022322219744596297
-0.0020831964439944834
0.0019400675528059865
-0.0017977298426341784
0.001658775760109921
-0.0015245274134054062
0.0013952413054175504
-0.001271821417306285
0.001160453817811785
-0.0010506727547825638
0.0009506274441130183
-0.0008560654925140718
0.0007655375084026015
-0.0006913639291014659
0.0006219514910266852
-0.0005565285400726817
0.0004988340217367506
-0.0004394908952239226
0.0003831506341816053
-0.00033611278747382943
0.0003009734385678213
-0.00027568961562573986
0.00025843827893948603
-0.00024439917215288745
0.00023120023656031632
-0.00022754794092216574
0.00023248750428263507
-0.00023806277349893668
0.0002493886737862485
-0.0002636222705371229
0.00027751038934399847
-0.0002935144099488376
0.0003105629311488543
-0.00032789939422745964
0.00034774329132781443
-0.00036575166937157855
0.00038332928119721364
-0.000394477795887948
0.0004006653442694743
-0.0004103702193907417
0.000419889298949369
-0.00041579912348088606
0.000406163220681708
-0.0003880274249345758
0.0003656865414154352
-0.00033034228487496294
0.00029138837452936543
-0.00024961903930433244
0.00020428158835950207
-0.00015203027039452
9.852948915311876e-05
-3.861564314332496e-05
-2.7083894989468612e-05
8.996061263057085e-05
-0.00015414765490293254
0.0002252566114302505
-0.0003067497025762696
0.000386303659907923
-0.0004672403478440165
0.0005487345630369601
-0.0006281722506813608
0.0007077974786072093
-0.0007837324839460089
0.0008561221495291799
-0.0009224309350705644
0.0009824913455062263
-0.0010385890616435155
0.0010913158136596653
-0.0011330356313960957
0.0011672321016070264
-0.0011940693613196269
0.0012090672156382098
-0.001218770536545223
0.001227377617930272
-0.0012288330064442827
0.001226278383429787
-0.001214873461925356
0.0012005135235590844
-0.001183633488141575
0.0011603213255357808
-0.0011313892750401842
0.0010927332171883361
-0.0010431705100675882
0.0009830455043654278
-0.0009189085714465102
0.0008530237870969025
-0.0007838682305292982
0.000711181767083121
-0.0006367007014067007
0.000565516185499594
-0.0004922351512096017
0.0004183077394203313
-0.00034229733524528453
0.00026459851807833734
-0.00018128620720738985
0.00010299201123950311
-2.2075607219988468e-05
-5.355371773863306e-05
0.00013513138355187394
-0.00021745995683267787
0.0002972456676828345
-0.0003780826881654951
0.00045588248770244317
-0.0005307541294759053
0.0006090292987869186
-0.0006876252430970724
0.0007634427000469072
-0.0008355554502485666
0.0009064526054700116
-0.0009767798063729314
0.0010430296268314739
-0.0010973339542240924
0.0011487505568620001
-0.0011980216267472494
0.0012398248717137867
-0.0012758754258453367
0.0013070700626182307
-0.0013340327444155268
0.0013618249778533272
-0.0013868659345195483
0.0014064544179072775
-0.0014188815749241821
0.0014315243436495517
-0.001436915308880983
0.0014374591886610953
-0.0014302607670494093
0.0014142323300021804
-0.00139698921577649
0.0013783351837466538
-0.0013504643668697024
0.0013180915334321773
-0.0012780739480685397
0.001232552214418381
-0.0011811683295677913
0.0011259613829640047
-0.0010640239745369126
0.0009975691252717192
-0.000925833466675631
0.0008496644124072435
-0.0007711196597587035
0.0006928132593731068
-0.0006065092898522067
0.0005139615496506123
-0.00042099585399537877
0.00032564800520399885
-0.0002334777487985809
0.00014322797930157823
-4.729435059984921e-05
-4.78190344408043e-05
0.00014316549498303996
-0.00023114394202838076
0.00031688873827834447
-0.00039603503357480877
0.00047654400762085173
-0.0005568429100375702
0.0006316769737879003
-0.0007030799668208266
0.0007690787113681624
-0.0008323460250966712
0.0008943774121658785
-0.000950107036223407
0.0009996554054959414
-0.0010467432492656862
0.001088029915542451
-0.0011225269912606963
0.0011546183742684709
-0.0011770482827477646
0.001185478322926672
-0.0011924653616519443
0.0011968989035459083
-0.0011962849946936082
0.0011858216774505177
-0.0011650474326641556
0.0011392128386789977
-0.0011018047099302804
0.0010574337445351466
-0.0010102669546592834
0.0009576615149713522
-0.000902545725601041
0.0008319840514491102
-0.0007505053935215855
0.0006709270885388459
-0.0005816419387154103
0.0004922201737800812
-0.00039645387661869827
0.0002930007650220763
-0.0001867272511861297
8.332419552387311e-05
1.9663780702717027e-05
-0.0001236701439814657
0.000223657202896435
-0.0003223641076816469
0.00041831768057706495
-0.0005113308300818446
0.0006044787482041211
-0.0006945682915697297
0.0007773134341111619
-0.0008599090789928686
0.0009413226950475962
-0.0010107051097648758
0.0010706050486824655
-0.0011264889789967152
0.001177135786031708
-0.0012265597154149654
0.0012731456219324871
-0.0013181888664357284
0.0013568137237902746
-0.0013925052800356503
0.0014303852578183283
-0.001470388370774384
0.001508560975784697
-0.001547274467550235
0.001585119781088641
-0.0016188687391490751
0.0016596909362540514
-0.0017029731661252247
0.0017511491970930468
-0.0018016753937868113
0.0018521812292054138
-0.0019058823493976339
0.001966278109610239
-0.00202895136595501
0.002091535739723219
-0.002157863021775398
0.002224713833763289
-0.0022917988566498715
0.0023593766678834
-0.0024270087795098647
0.0024926555258280073
-0.0025543222039430126
0.0026118184977597975
-0.002667099562962082
0.0027184399030498138
-0.002762764373287995
0.0028067370782465886
-0.0028470402006379944
0.0028794496279948853
-0.002911256369737687
0.002940879683507323
-0.0029626225759395546
0.002980877804546998
-0.0029997094484939114
0.0030139212576168477
-0.0030232351709684395
0.0030242732570408995
-0.003026315552016802
0.0030235877720457315
-0.003017521314433117
0.003006636308628515
-0.0029915053926616495
0.0029689071498047535
-0.0029435388718621796
0.0029173118964406254
-0.002886863856709551
0.0028504160119264725
-0.002808645751799472
0.0027654623993072724
-0.002716415915050185
0.0026761238525595784
-0.0026373563219836524
0.0025872968209856863
-0.0025330850584323566
0.0024783035724865246
-0.0024205628109530454
0.002356177527586837
-0.002289415639552519
0.002217989117090559
-0.0021445053838116653
0.0020758314941666752
-0.002007567234281987
0.0019366938448803655
-0.0018633039453367507
0.0017874887955397572
-0.001709881267835598
0.0016309909514988397
-0.001554661015845973
0.0014807560719238366
-0.00140665226239152
0.0013267038316133223
-0.0012488902055356435
0.0011712896806731117
-0.0010898130044745555
0.0010073088191262733
-0.0009239721548712468
0.0008467208630421179
-0.0007666049392615453
0.0006905358603943322
-0.0006099739040027151
0.0005332471479451667
-0.0004540653842920468
0.00037136094319973966
-0.0002881561449330581
0.00021331380642655837
-0.00014031968695883684
7.730382778423986e-05
-2.2193638301004387e-05
-3.147740861175609e-05
7.862021974780811e-05
-0.00012321182190699548
0.0001560908296409358
-0.00018358337609267046
0.00020502567415659043
-0.0002182447266186532
0.0002215293512231074
-0.00022097871335979472
0.00021361275334322202
-0.0001948161985569276
0.00016884399178273318
-0.0001363131737792945
9.585984732450729e-05
-4.493003556782278e-05
-1.1696311517023209e-05
7.661712932419861e-05
-0.00015053256368528566
0.00023622635375610058
-0.0003345957258769782
0.0004436820537114886
-0.0005654190814801635
0.0006990341592958346
-0.0008406776640620462
0.0009890101554814895
-0.0011456773766191951
0.0013076773897950694
-0.0014760632274135172
0.00164848799410816
-0.0018167736540617
0.0019854778513915647
-0.002150593691115286
0.0023215536865150684
-0.0024873160523790822
0.0026546253770753825
-0.002813668360977054
0.002968349636906333
-0.003119077231539127
0.00326570429732174
-0.003406634562031333
0.0035386456655130804
-0.0036580908801574032
0.0037648101739587905
-0.0038620457997413584
0.00394894785089682
-0.004027227929560853
0.00408784020380699
-0.004138119268944375
0.004177053486089154
-0.004201268404037502
0.00420524094743158
-0.004190299886470983
0.0041596993324541105
-0.004110505581151486
0.0040422735363814365
-0.003950330354588939
0.003843178404417244
-0.003711031992005948
0.0035627429974670896
-0.003396467665115232
0.003219492817461256
-0.0030281248168480338
0.002826012576748094
-0.0026140531830846207
0.0023873401320325897
-0.0021483461790502843
0.0018977138645601545
-0.0016317864777429443
0.0013629702442325684
-0.0010847010350040886
0.0008106204468435888
-0.0005368883018670229
0.00026224905042329427
1.4260944715085663e-05
-0.0002910221478618879
0.0005716638199716586
-0.0008458129154848499
0.0011223203572734701
-0.0013921515635597949
0.001655522473891224
-0.0019067298970062438
0.0021522986037053227
-0.002388379044135469
0.002616848402026265
-0.002833486421433326
0.0030363279496239924
-0.003231556038569832
0.0034196076085775736
-0.0035972658646158838
0.0037604708594513154
-0.003911196556871937
0.004047643913866335
-0.004168736795636407
0.0042724568822891575
-0.004362902078593631
0.004441744633171292
-0.004503139523275389
0.0045556686888626845
-0.0045913259545118795
0.0046109190920634695
-0.004622358737933772
0.004624191412502305
-0.0046113933138716545
0.0045879382801948185
-0.004549444707544589
0.004503587176377598
-0.004451269185615974
0.004393685646787611
-0.004330205342004881
0.004266933533989004
-0.004212672995458555
0.0041530873766752515
-0.004088354651481081
0.004017053382579599
-0.003943147342678844
0.0038664974644496996
-0.003781436624023644
0.0037008238391579348
-0.0036234527745228804
0.0035502375520122397
-0.0034765256241071833
0.0033979432049933236
-0.00331822318891262
0.003244424062053028
-0.003177584326562123
0.003114550510840948
-0.0030595627940528253
0.0030094141451337893
-0.002962491149345033
0.0029204355978257562
-0.0028830737639880637
0.002849646715461179
-0.0028268216544674518
0.0028061073461211673
-0.0027974395617549183
0.002795354027078061
-0.0028030736538048016
0.002816937753591069
-0.0028295602229079877
0.0028518344410513857
-0.0028799802848786474
0.0029089545209251225
-0.0029475352096062575
0.002988390923768693
-0.003030783561723369
0.003076938182488474
-0.00312261472961885
0.0031641475801869826
-0.0032034548942172334
0.003234138252370701
-0.003264487451853102
0.0032942008486952406
-0.003321488190442012
0.003343616104773222
-0.003365501235001465
0.0033826871130066137
-0.003395637416109063
0.00340453690359748
-0.0034111608049875925
0.0034094353806079104
-0.0034025707347412545
0.00338721819380331
-0.0033649328033668697
0.003336173923916659
-0.0032994781076108298
0.003259500334085528
-0.003212627630288192
0.0031646621651506995
-0.0031171564828042985
0.0030648482748773308
-0.0030143954709907846
0.0029636565083672023
-0.00290642273749497
0.0028500843190703605
-0.002796083215481971
0.0027432815465951396
-0.00268762842817831
0.002632409337368963
-0.002576534061940235
0.0025257090671825444
-0.002476123426905725
0.0024303987598455158
-0.0023814414909116423
0.002337535542171916
-0.002294067014323613
0.002252124595095524
-0.0022088727761895985
0.002169202825566491
-0.002132220514449486
0.002092985188855828
-0.0020514015474014735
0.002013042098697835
-0.0019706424286466016
0.0019337121707495215
-0.0018975268033207023
0.0018663262034868272
-0.001840927279848619
0.0018156890199285405
-0.0017921086168889572
0.0017736869378546332
-0.0017636730415088989
0.0017547151910520514
-0.0017507298073844767
0.0017541757584781882
-0.001765175540845543
0.001778585822166207
-0.0017895563308541508
0.001806198501866806
-0.0018222959290135306
0.0018365492249204603
-0.0018469121699896407
0.0018597831940263133
-0.0018686225605313506
0.0018762553171477172
-0.001873926670239631
0.0018649081652151957
-0.0018539136998197163
0.0018407928125313022
-0.0018236930241674698
0.0017983204263195846
-0.0017665031962619047
0.0017263333106580302
-0.0016747600754066809
0.0016244654849753948
-0.0015655479565463474
0.00149398039094753
-0.0014081194598091192
0.0013178719243552653
-0.001221502135354081
0.0011220874131603255
-0.0010186725552622886
0.0009096047975781905
-0.0007914138583426878
0.0006631317970883628
-0.0005300537968617909
0.00039279562733458205
-0.000246789406595272
9.391730380768446e-05
5.7131117379606556e-05
-0.00021402823293397832
0.0003802814264029183
-0.0005533695696958922
0.0007273716732036123
-0.0008921491627627948
0.0010516914788415834
-0.0012085794290679
0.0013633383570924417
-0.0015159032077176492
0.0016625269027983494
-0.0018122362044373723
0.0019571491469680584
-0.0020988973586418577
0.0022359406905510127
-0.002371537493270233
0.002502904594052844
-0.0026229943364308892
0.0027376327932640285
-0.002843624808673153
0.00294037860811233
-0.0030328920832490554
0.0031190334937755662
-0.0031995745449283283
0.003269769432899621
-0.003328178989790027
0.0033792114518752946
-0.0034228319975401185
0.003452423097319063
-0.0034723090816681803
0.0034864276518062156
-0.0034962472305414953
0.003498313134200672
-0.003498100732521494
0.003490341075213045
-0.0034720208108214713
0.0034477424152592386
-0.003419276129703128
0.0033844284431509097
-0.0033390397597590138
0.003293059202413048
-0.0032458048022764702
0.0031919555411954346
-0.0031330311534271986
0.0030691621833979547
-0.0030036099543129936
0.002936038361629872
-0.002869462730285653
0.002798452760547306
-0.0027231114445356946
0.0026470285293603226
-0.0025743445146268035
0.0025059833403045387
-0.0024318099044841287
0.00236078231895949
-0.0022936087269643563
0.002225550825315155
-0.0021608870611930448
0.00210061278163401
-0.0020384454672864954
0.001978579077080314
-0.0019170301533126455
0.001859492411416944
-0.001804407093813924
0.0017556116956916187
-0.0017047576924316122
0.0016597271745034193
-0.00162451971554993
0.00159378839791137
-0.0015649900071753528
0.001542455570059206
-0.001520708024583397
0.0015034204307297668
-0.0014896625262487764
0.001473423484096718
-0.0014575616292330101
0.0014431302799901614
-0.0014236381670448587
0.001400901782154747
-0.0013830938117923583
0.001368607938452657
-0.001359617652827607
0.0013536347624391954
-0.0013536072287377572
0.0013532181015165348
-0.0013515396693553159
0.0013556057587955283
-0.0013658021400139316
0.001383417952488996
-0.001407751771117806
0.0014310031078021207
-0.001452395865270649
0.0014718161343841656
-0.0014954893088240688
0.0015255520708165587
-0.0015557505330224834
0.0015845651707010304
-0.0016120569616297753
0.0016375281966394045
-0.0016609567860997973
0.0016797243505118
-0.0016878814470074395
0.001690624297268881
-0.0016842173239453107
0.0016638610956791647
-0.0016356767672690657
0.0016019029942005308
-0.0015584123565584157
0.0015137622504480407
-0.001462522826965098
0.001413781857011593
-0.0013626212299040303
0.00130755995713303
-0.001247359696274935
0.001175344162062884
-0.0011033403171042755
0.0010304649038530875
-0.0009584797471682996
0.0008875764081448031
