Spins Simulated:	100000
Sample Rate:	1000.0
Sample Size:	1200
Read Time:	1.2
Diffusion (cm^2/sec):	1.0
X-Gradient (G/cm):	0.001
Y-Gradient (G/cm):	0.001
Z-Gradient (G/cm):	0.001
f0 (Hz):	250
Data Start:
0.0
1.0
-0.0021781570600544428
-0.9999842118120907
0.009040935610995034
0.9998993439386651
-0.018287042219005293
-0.9996885900651044
0.029404569585938636
0.9992957462038914
-0.04211319064036415
-0.9986643304109004
0.05622389467084744
0.9977381757650908
-0.07160604536971667
-0.9964616952266558
0.0881386919275935
0.9947806050197532
-0.10573138128842197
-0.9926370404191016
0.12433293412224083
0.9899780785007818
-0.1438355948802898
-0.9867525719131353
0.16417430526902646
0.9829047117891856
-0.18530057336093395
-0.9783798681641195
0.20717044222811537
0.9731267617454677
-0.22969374232894413
-0.9670987916016766
0.25282519592825436
0.9602470577429945
-0.27648769325326117
-0.9525266879973694
0.30061768131365024
0.9438938237226951
-0.3251727983803473
-0.9343035403741967
0.35007493418592356
0.9237141946179692
-0.37526494617914774
-0.9120879010881662
0.4006774242686492
0.8993965884414442
-0.42621906972015056
-0.8856122436599013
0.4518240884441721
0.870701184251249
-0.47742661409204584
-0.8546434542756278
0.502945496264007
0.8374216492104908
-0.5282992680017212
-0.8190112789958331
0.5534323322946004
0.7993964400878523
-0.5782517546219222
-0.7785824450996132
0.6026763062104905
0.7565638819980369
-0.6266111327603197
-0.7333477097788896
0.6499970126495458
0.7089263454708961
-0.6727469812762019
-0.6833266513598155
0.694765472287652
0.6565605777635496
-0.7159792607682717
-0.628657117121056
0.7362883189162809
0.5996479126668408
-0.755612680010715
-0.5695703304829701
0.7738791313327649
0.5384644293287993
-0.7910070304039698
-0.5063739023789982
0.8069151767683083
0.4733529784602407
-0.8215306070175982
-0.4394546349274996
0.8347962778743147
0.4047407992975201
-0.846635536955105
-0.3692838924455029
0.8569831358311518
0.3331572346004438
-0.8657796135417555
-0.29644835830790006
0.8729683058332913
0.25924128193931756
-0.8785051886770942
-0.22162617092621903
0.8823361998008367
0.18368369120647884
-0.8844362408481042
-0.14553190618160827
0.8847734929016974
0.10725009301124755
-0.8833080619592363
-0.06896489412470465
0.8800202090727224
0.030764359042776922
-0.8749002400298163
0.0072456934912432875
0.8679435947361457
-0.044935640394398485
-0.8591568076311263
0.08221441755007768
0.8485495225288653
-0.11895858512648214
-0.836139327503439
0.1550670470400856
0.8219657357639916
-0.1904364618589407
-0.806050795508687
0.22494643390351715
0.7884351315221934
-0.258483914471205
-0.7691707644094365
0.29094960685229315
0.7483219379505871
-0.32226516856594345
-0.7259465037637561
0.3523062808727289
0.7021243710548086
-0.3809859635040865
-0.6769282439737725
0.40823427394028466
0.6504511868132391
-0.43397232164526844
-0.6227822840005224
0.4581153977764011
0.5940106545845979
-0.4806117427747167
-0.5642384029190027
0.5014056044022033
0.5335705931000884
-0.520433342494397
-0.5021287791073137
0.5376328684323131
0.4700285884003327
-0.5529722452199002
-0.4373806978804526
0.5664255489365071
0.40430713426879433
-0.5780076515564495
-0.37092401287401544
0.5876884658049236
0.33735402834671485
-0.5954597548151748
-0.3037084553150715
0.6013427982379053
0.27010227147326843
-0.6053446918266464
-0.2366508486967624
0.6074840750245437
0.20347730576081002
-0.6077897375129854
-0.17068875911798703
0.6063149491532219
0.1383863873131157
-0.6031034273987664
-0.10668157505431708
0.5982197346139809
0.0756731257387813
-0.591711087477059
-0.045454100559112
0.5836357280802379
0.016108341646858364
-0.5740763493156654
0.01226333798849185
0.5631203721574386
-0.03959649947963526
-0.5508564402012573
0.06583367086895449
0.5373643004252361
-0.09091032882227365
-0.5227175976308593
0.11476992347255342
0.5070087928614897
-0.13736896060038717
-0.49033821991010035
0.15865656166135705
0.4728068068413515
-0.17859772387161085
-0.45449391811977957
0.19716840513954303
0.4355156847992562
-0.21435834849910973
-0.41598533712625413
0.23015706877857697
0.3959886107358459
-0.24455002676062862
-0.37561778491756925
0.2575587651217611
0.35496111434600797
-0.26918293296702506
-0.33409872211900526
0.2794390600928788
0.31313638068125144
-0.28834887711212615
-0.2921559495001378
0.2959284717353283
0.27123826033605325
-0.3022113142246712
-0.2504588435528449
0.30725183117893323
0.22987635579620616
-0.3110858162156912
-0.20957040652133577
0.3137463383258603
0.1896207967489055
-0.31529523664885034
-0.17008462874901795
0.3157754456986251
0.15099774020422482
-0.31525052678009746
-0.13241110767510333
0.3137598345552363
0.11437026233509151
-0.3113608723548443
-0.09691265057938166
0.3081095968437698
0.080072655731507
-0.30407676390309735
-0.06386955124687373
0.29931031349735265
0.04832824408485329
-0.2938763305529281
-0.033474064384124015
0.287830676038574
0.019337303838187932
-0.2812369400968526
-0.005909856422717422
0.2741565728059517
-0.006802903663430786
-0.2666171365991176
0.01878277624993888
0.25868344744367455
-0.03002884981490004
-0.25040302314556473
0.04054347657500463
0.2418347867795971
-0.050326166456715934
-0.23302990253725397
0.05939951063196575
0.2240445412666239
-0.06776777660236084
-0.21491918529020104
0.0754484761121364
0.2056973834987437
-0.08244055299662607
-0.19642218566239286
0.088773426985271
0.18712769480768263
-0.09448384323176004
-0.17785733620672492
0.09959196547260812
0.1686163629911534
-0.10410381818247834
-0.15944239190372753
0.10803780948221925
0.1503635269448184
-0.11141441132092447
-0.14142275318809777
0.11426323341065804
0.13263550281857633
-0.11663249923197543
-0.12401558269724909
0.11853841119876889
0.11558034641601134
-0.12001169640402995
-0.10734403431862986
0.12107893294850114
0.09930965624893491
-0.12176422809790294
-0.09149943485770087
0.12209678676980557
0.08393908942300934
-0.12209209138045858
-0.0766250355388267
0.12177975029199806
0.06955898494996418
-0.12120250694576436
-0.06273262573681185
0.12036582757824127
0.05614890743650747
-0.11927925896665695
-0.04981550754335005
0.11797088884245753
0.04373806312106415
-0.1164581279382105
-0.037905114409436926
0.11473304442546119
0.03232550940641771
-0.11283213043904608
-0.02699073583044759
0.11077107869232847
0.021895662714528523
-0.10858245101941548
-0.017034428007185482
0.10627704908222046
0.01242152584567961
-0.10386388469125801
-0.008043723381592205
0.10136160012206508
0.0038953915446211986
-0.0987773953489528
2.120276158671553e-05
0.09611317582204645
-0.003708302684017588
-0.09338213621346786
0.007178555047162207
0.09060529107529446
-0.010431464483243235
-0.08778934853576831
0.01349331583794506
0.08494072972618713
-0.016359622689302168
-0.0820814484824546
0.019045459853276114
0.07922495145082696
-0.02156072566373161
-0.07634558629556257
0.023914938431919046
0.07345094222059523
-0.02609890063925676
-0.07054638057914102
0.02812364087014051
0.0676378431833382
-0.029982213184686458
-0.06475066305174723
0.0316975915471322
0.06188125572836303
-0.03325968901674999
-0.05903954521979153
0.03468119981302674
0.05620264403123356
-0.035961537813622574
-0.05339200652787379
0.03712020496570414
0.05061134951205366
-0.038154337435941994
-0.04786647809048517
0.03906376309623427
0.04515372325751085
-0.039856693689649884
-0.04246832302784259
0.04051497351153899
0.03982776250767749
-0.0410477323857417
-0.037228250928875724
0.04146467189284456
0.03466725169677944
-0.041767674771188354
-0.03216445517747636
0.04195796596755719
0.02970481607420286
-0.04204319852767345
-0.027311940538815756
0.04201294504455359
0.02498102277235073
-0.041882227831588875
-0.022719028135119525
0.04167228791701821
0.020516064742380827
-0.041376784487753886
-0.018388574528812204
0.040993835809077415
0.016336991732490144
-0.04052083431609504
-0.014372616758132803
0.03997196277767242
0.01250445681887416
-0.03937217341959371
-0.010710308904663164
0.03871526857925442
0.008987791446502181
-0.03801683680484841
-0.007346615146333452
0.03725934472633248
0.0057788124216590344
-0.036472465756355155
-0.004288224802185039
0.035657088680891576
0.0028688514204387315
-0.03482001668347131
-0.001523943441113826
0.033957337207971415
0.00026233611831320386
-0.03306656936577178
0.0009407153188757843
0.032163048787557116
-0.002079428831153928
-0.031234057041824984
0.0031525539653412798
0.03029527768766914
-0.004138653769804446
-0.029374610920841416
0.005066243133681299
0.028455041604643388
-0.005919008905416121
-0.027529829487826604
0.006708619044995988
0.02661813392062152
-0.007426098787520984
-0.02571270154279557
0.008079169509378904
0.0248364058154195
-0.008676664025538376
-0.023981485143688783
0.009234615806932649
0.023159542609806155
-0.009744864310512033
-0.022347572473394868
0.010231987503144122
0.02153943528964022
-0.010691781948423594
-0.020751194912029206
0.011131834558043136
0.01998506269494405
-0.011563566825273344
-0.019233468518605194
0.011981275975584783
0.018491999718221477
-0.01237167556085322
-0.01776291557607736
0.012763123505203746
0.017023273748319384
-0.013142164608345356
-0.01627017197058682
0.013517156290636234
0.015511447189708401
-0.013889363945729594
-0.014751836648557566
0.014248443138534078
0.013985487666382839
-0.014595004316910139
-0.013195520547634211
0.014929944526154976
0.012369557929128031
-0.015246078129647634
-0.011520377600330624
0.015545435364565131
0.010627410052738949
-0.01582875942617506
-0.009705675150971019
0.016058730076342724
0.008755817630281696
-0.0162438332117826
-0.0077602583481713415
0.016363470365206294
0.006740936636295734
-0.016403547366463142
-0.005707346128665861
0.016361836786612734
0.004669515291901046
-0.01622299347354795
-0.003647216634302289
0.01599349692663481
0.002652398558931055
-0.015666307503695836
-0.0016937864736817768
0.015258660547560077
0.0007905637680630696
-0.01477813876096164
6.221416181967711e-05
0.014228516634976731
-0.0008552468429052744
-0.013632072758892772
0.0015898848169171621
0.012990931384130251
-0.002249871004329474
-0.012317482165721823
0.0028132491182712906
0.011599652716027732
-0.003279128574535418
-0.010851283456436553
0.00365060003344346
0.010083952638667942
-0.003918953655757194
-0.009319054194485804
0.0040817319365465485
0.008586105264949495
-0.004168462186887767
-0.00788491162602491
0.004179529434423956
0.007236392689973234
-0.004113052090991869
-0.006654867658811229
0.0039987375676566765
0.006136455366067725
-0.00384157263181193
-0.005683576250470557
0.003640027800906736
0.005312799937691657
-0.0034092257135166686
-0.005023678351147061
0.003169468882481339
0.00482722681988914
-0.0029336760578301383
-0.004713225193529922
0.002722443128428283
0.00467874113590681
-0.002539709217946919
-0.004712542337636221
0.0023884800272887157
0.0048074792765815414
-0.0022904810711317464
-0.004949254882423143
0.002270714828493899
0.005128881850980967
-0.0023346534904148605
-0.00532977070962892
0.002461562731393115
0.005533448737566054
-0.0026743787794952303
-0.005711795784939709
0.0029610832575543795
0.005860386467327832
-0.0033125359113664815
-0.0059716666756492
0.0037214743425638998
0.00604144787344056
-0.004176329190287586
-0.006057601112444778
0.004673185158873798
0.006007561740552489
-0.0051966802084806455
-0.005874472547964495
0.005744990852337465
0.005640140793489189
-0.006292041317659465
-0.005311601164435574
0.006824284960838594
0.004902382133345328
-0.00731024893409609
-0.004415000054992555
0.007754633013149943
0.0038598343011363692
-0.008137862583816706
-0.0032355439046274585
0.008466026042264619
0.0025586531242196833
-0.008712291128009387
-0.0018376769133651562
0.008870576147267826
0.0010849835049825845
-0.008949292879600274
-0.00032202009841010375
0.008936701542501944
-0.0004482094987727761
-0.008836601909541362
0.0012126900903581346
0.008657103596000092
-0.0019361915933947577
-0.008405709235663252
0.0026094076314965267
0.008091016058392622
-0.003238012885014466
-0.007707194508155289
0.0038136577484179424
0.007263908723953797
-0.004335835389994827
-0.0067667072503144335
0.004801047321147493
0.006225715741971898
-0.0051934473294686975
-0.005650849602421951
0.00552294504294267
0.005054666334952152
-0.005785132457667951
-0.004450928341414136
0.005989344477515405
0.003838637286555744
-0.0061240925921722
-0.0032322358168802036
0.006185649106241569
0.002630613857658184
-0.006184818532514318
-0.0020478726591465785
0.006130069595570009
0.001492071688034536
-0.006013576237485877
-0.0009542543567515681
0.005839300655089978
0.0004663896530772718
-0.0056350798111839155
-3.003854578314189e-05
0.00540391954262994
-0.00036880367013604937
-0.005147946739970099
0.0007417055082534841
0.004865528072045654
-0.0010856097604962612
-0.004561702914203983
0.0013919733094271897
0.004232395528749955
-0.0016556469403733102
-0.0038913249919207606
0.0018784160818719586
0.0035405869296153154
-0.0020773255822753613
-0.003181531402438478
0.0022386710695934207
0.0028325337460596537
-0.0023583860068888485
-0.002481641166981029
0.002433956103448353
0.0021305107065541754
-0.002472938185565888
-0.001792516377555068
0.0024728708458453446
0.0014809971497099063
-0.0024432311576901345
-0.0011768128092837953
0.0023830619700207873
0.0008814203635891586
-0.002281972875881788
-0.0006189088170483479
0.0021687347801605437
0.00038546434890686913
-0.0020288050959777633
-0.00016816133999252183
0.0018778295609312467
-1.5177909365327923e-05
-0.0017125552299542888
0.00016565662777584775
0.00154948604021692
-0.00029090739570811837
-0.0013842135934891506
0.0004053507241210627
0.0012198150070247228
-0.0005030746647784609
-0.0010588478053459097
0.0005827470923434067
0.0008921730977106964
-0.0006551197574593183
-0.0007309650850300634
0.0007252756481307545
0.0005712522707712029
-0.0007829644581959022
-0.00039765668512853244
0.0008380328992014193
0.00019806159390400768
-0.000863917291270456
-2.4121720229768406e-06
0.0008621725360684788
-0.0001980740366787334
-0.0008435156316390971
0.0003927999835381461
0.0008091312866957998
-0.0005897128759144733
-0.0007420499267608963
0.0007817728296646247
0.0006428706609463137
-0.0009526199067582574
-0.0005327678874170336
0.0011025571371789172
0.0003961533719284111
-0.0012264436522725446
-0.0002492769988235722
0.0013467454925258993
8.502355820313248e-05
-0.0014359073225225498
9.769162242326092e-05
0.0014963260786047012
-0.0002951951139655033
-0.0015338304436795915
0.0005036081733128519
0.0015433438394088545
-0.000724746163335441
-0.0015387890556785753
0.0009490074399420464
0.0015040656608205415
-0.0011635332468661436
-0.001452462607781726
0.0013650859232653553
0.0013869362043721079
-0.001571111188727178
-0.0012926732383901803
0.0017732686903966998
0.0011824307408750886
-0.0019794780862266706
-0.0010443651168133815
0.002176329326427192
0.0008664273137509344
-0.0023553571634432943
-0.0006447361873322567
0.002499821434253085
0.00038169717033308234
-0.0026095087133111584
-9.973757616328975e-05
0.002682321366899464
-0.00018557159079323843
-0.0027266213710443257
0.0004894060196912349
0.0027450863550474913
-0.0007925178195731259
-0.0027198964433809984
0.0010975816231383834
0.002648449428888372
-0.001401164632886322
-0.002527458367915205
0.0016878343563869749
0.0023660237190594856
-0.0019430649768044897
-0.0021720949754097992
0.0021653310496628528
0.0019578013868246785
-0.0023542698433562624
-0.0017302688932681535
0.0025043307135174846
0.0014867498913309497
-0.002607205249777226
-0.0012327361547912336
0.0026720563644831233
0.0009874023494501787
-0.0027072514875288393
-0.0007564503848566537
0.002720544225184694
0.0005395806693139573
-0.0027066435665468007
-0.00034153351245937434
0.002692791707414659
0.0001613915023229101
-0.0026780342949334207
-7.361422484052665e-06
0.002662260898790674
-0.0001181887456940738
-0.002647771505465485
0.0002383208504302727
0.002660093247187406
-0.00035725232279497463
-0.002689057542325048
0.0004621915295622712
0.0027380910863210707
-0.0005677784180559721
-0.0028154806841582006
0.0007012941320795824
0.0029210512136813665
-0.0008715295443088633
-0.003049691242330237
0.0010916723897887197
0.003180152072440747
-0.0013579508591893257
-0.003299424621169934
0.0016933798010830387
0.003389267824064987
-0.002100101088441927
-0.003425253913025763
0.0025772069927899755
0.003379473294209508
-0.0031013194813613565
-0.003237846072910616
0.003649259645618591
0.0029928933126637004
-0.004191648046580454
-0.002626245974244634
0.004709348779716086
0.0021352709741445314
-0.005171123160615746
-0.0015404632162436466
0.005544177993734946
0.0008532390512731235
-0.005817915530038553
-9.459573372215274e-05
0.005980221910434104
-0.0007302270578267921
-0.00601324135292085
0.0015997610570668132
0.005904123478581058
-0.0024648274158040784
-0.0056478147387413555
0.003307175826015789
0.005249209738752077
-0.004099452544497923
-0.0047008153587699076
0.004801026340455261
0.004034042062751695
-0.005395824111855831
-0.003261013656752357
0.005867264705468862
0.002401768261398973
-0.006220612440431393
-0.0014885543446485643
0.006430430637494791
0.0005490217459317751
-0.0065085342163197545
0.0004059870564139351
0.006454517944954165
-0.001364576648484378
-0.006251296795493325
0.002292358293840751
0.005921167034751419
-0.0031745634563814747
-0.0054565946425116215
0.003983697648279507
0.004866122575856638
-0.004699444695244051
-0.004164104936895946
0.0052983626360680915
0.0033656664933334125
-0.005771825448266796
-0.002482929434338319
0.006105220597528876
0.001545782936768232
-0.006291147441292997
-0.0005858139629544194
0.0063214208737887925
-0.0003850060859106383
-0.006189001812691245
0.0013514298947581544
0.0058835620664459305
-0.0022578558158399507
-0.00542393804864584
0.0030959507001241584
0.004815390348840209
-0.003826662865207426
-0.004086764178743748
0.004419139540456594
0.0032520270648030004
-0.004862204794614957
-0.002334720731411007
0.005131356407138977
0.001380640632648803
-0.005221591180104044
-0.00043181397072470317
0.005145983472752171
-0.0004790096957930089
-0.004894597612457209
0.0013201047312327275
0.004490888531177713
-0.0020497266115038445
-0.003963280934154391
0.002675733996334557
0.0033265311185407503
-0.0031673261508215612
-0.0026136243999469594
0.003503998201035032
0.0018570595422992445
-0.003689846606155612
-0.0010981826863388471
0.003722857682429207
0.0003570847824853209
-0.0035984639005181554
0.0003456364511559968
0.0033349971256176
-0.0009894850660081393
-0.0029575250396629907
0.0015372682413662979
0.002499467919135892
-0.001973533038101372
-0.0019760705395750503
0.0022867864127697705
0.001416853148991925
-0.0024743601087332317
-0.0008543718392899415
0.002535359818673863
0.0003033884423893405
-0.0024848334724817114
0.0002181228359447713
0.002329634058169096
-0.0006847509863642638
-0.002084642583601667
0.0010699251671835391
0.0017728721846294402
-0.001365852324502398
-0.0014043601296773477
0.0015736823453322973
0.00102457252877469
-0.0016876586380009592
-0.0006438799255849755
0.0017181426640542846
0.0002743015494102663
-0.0016716361557848514
6.20053643255495e-05
0.001553909283336532
-0.00035336119039097193
-0.00139104929289213
0.0005918973983561138
0.0012049773970367224
-0.0007704414261129571
-0.001002065895208696
0.0009161602349945331
0.0007961241331547113
-0.0010155063567276236
-0.0005971757050932571
0.0010724391870553728
0.0004274887864306707
-0.0010884352885128078
-0.00029038686813671216
0.0010855435466284
0.0001834673870205942
-0.0010961767703641756
-8.07815685351476e-05
0.0011206346709211105
-3.223065199533134e-05
-0.0011493530753506039
0.00013187549580702458
0.0011826725764120015
-0.00024914182100131953
-0.0012196767875024353
0.0003853984760923119
0.001222864316512165
-0.0005277498333699719
-0.0012041738635545204
0.0006730826927516464
0.001179860029392935
-0.0008249783651687908
-0.001140234648585484
0.0009862042918759141
0.0010734024511833888
-0.0011479332434767278
-0.0009874876317167325
0.00129560754834402
0.000871277255548708
-0.0014375495538522852
-0.0007209976541753781
0.001555540633369729
0.000553326495787197
-0.001643193051686758
-0.00036646372233588623
0.0016923047054629688
0.00017257821214112
-0.001698696319533922
1.289972514280865e-05
0.0016595890983677032
-0.0001894179941015436
-0.0015754401611742079
0.0003302663761622332
0.001471007809554331
-0.0004327292947319726
-0.001363740880691577
0.000501286087745535
0.0012623560293056812
-0.0005404725713275868
-0.0011540405752350688
0.0005356740702222937
0.0010519730799221124
-0.0005015087369426523
-0.000984204771430629
0.0004407235451326419
0.0009390558335718369
-0.0003489093852037251
-0.000942898011276148
0.0002406519996280435
0.000992911885815231
-0.0001540351304748071
-0.0010743831481205062
9.413570955104759e-05
0.001190139953220646
-6.976220837494108e-05
-0.001331739173516549
7.016141293991888e-05
0.0014766003439475393
-0.00011112130634558216
-0.0016263661924756927
0.00020795971319922314
0.0017867602861043222
-0.00034894757710868707
-0.0019185993580675817
0.0005252640940938847
0.0020303859322286055
-0.0007338085838306785
-0.0021136947900484942
0.0009733284476433229
0.002144415573138823
-0.0012409314463801067
-0.0020976892418745965
0.0015075759284463293
0.0019963046106292845
-0.0017552239542172738
-0.0018593381662562617
0.0019588012953900605
0.0017025247386517697
-0.002127000645794949
-0.0015344016653637492
0.00225486257072615
0.0013668139327192453
-0.0023572701186844623
-0.0012128157210304546
0.002456258870463189
0.0010720130845319304
-0.0025556564196655435
-0.0009445333765981806
0.002677252309715765
0.0008306067998487699
-0.0028276253748142953
-0.0007071301164970347
0.0029895944472876947
0.0005577773731975793
-0.0031807868264555035
-0.00037496226445659107
0.003393457229126539
0.0001380236718756803
-0.0036196542055273112
0.00015498158868017728
0.0038342251622202742
-0.0005062461916060265
-0.004040692647119867
0.0009242005502089947
0.004215897543671371
-0.001405543419302213
-0.004333511821889971
0.0019530594499248778
0.0043817977300833815
-0.0025459475166446856
-0.004328588454700306
0.0031648692320364164
0.00414650237649977
-0.0037885029243941155
-0.0038514906759081514
0.004393317410751808
0.003463726010124669
-0.004959482507860881
-0.002965995584870811
0.00546244150503128
0.002367350229452142
-0.005876441130642158
-0.0017003902336117265
0.006182992645474846
0.0009721584308351099
-0.0063754860191042205
-0.00021597128466214417
0.006468005855031731
-0.0005390961886267833
-0.006443101391982387
0.0012932955637808957
0.006302672325240188
-0.002021305897353458
-0.006072604710068523
0.0027101245810600832
0.0057622945753380275
-0.0033470535981662973
-0.00536515518143218
0.003928399555286907
0.004898619896508816
-0.004448122451566984
-0.0043630873585682965
0.00490949438962604
0.0037755213657430084
-0.005289640611062638
-0.003148227146655969
0.00556629639502186
0.002498510386279974
-0.005742432477432994
-0.0018223509241748518
0.005847995476217532
0.001144167720020953
-0.0058621078211125366
-0.0004784167239077954
0.0057949430080140125
-0.000150795258550314
-0.005657599461553993
0.000726562262393774
0.005450615091450428
-0.0012473403888919987
-0.005186104837252409
0.0017127268395539309
0.004872307464372456
-0.0021196738289922567
-0.00451746299451676
0.0024540589470205248
0.004150215030877635
-0.0027262915043141794
-0.0037798898576451765
0.0029393682982438835
0.003419187855904454
-0.0030973846178019805
-0.0030700780526687677
0.0032065125385535628
0.00274302588992286
-0.0032954186576962374
-0.0024608455964486645
0.003378592740920578
0.0021931454204286234
-0.0034615895678972233
-0.001932543202321352
0.0035384840292606396
0.0016713137351046924
-0.003603941744321062
-0.0014111432663005785
0.003670046491785193
0.0011518783987355524
-0.0037301004734673236
-0.0008749375262043121
0.003772992036944527
0.0005858505102280767
-0.003785361847004563
-0.0002903187858839936
0.003755467757689315
-3.5537748897306723e-06
-0.003705409110140277
0.00029765949610072124
0.0036175398071983137
-0.0005802071057736097
-0.00350874144596329
0.0008536231278732283
0.0033727427100504483
-0.0011206716867555653
-0.003203776349851355
0.001369252877315578
0.0030211325839784205
-0.0015740489577256362
-0.0028211178522775772
0.0017589882539634596
0.00261242070725522
-0.001908686467293093
-0.0023997787108698604
0.002045778805941925
0.002174756270841432
-0.0021564658614229054
-0.0019408369161629303
0.002265947894782935
0.0017142830293901351
-0.0023668931575710453
-0.001488115447512475
0.002441588399693331
0.0012664754485556737
-0.0025031137082437943
-0.0010431090322373861
0.0025623236126005623
0.0008026834632388955
-0.0026159256823136147
-0.0005569466096271426
0.002642220141149769
0.0002832492881879025
-0.0026219783469243647
1.4995188370861506e-05
0.0025525299573401893
-0.0003104638175012216
-0.0024118681284503616
0.0005924825223966174
0.002219143360074314
-0.000850870552592986
-0.001969731440599503
0.0010612558060922443
0.0016671135753555716
-0.001183909972188622
-0.001329483910241885
0.0012140909893296123
0.0009849584051146983
-0.001141951610839644
-0.0006632212610863684
0.0009712740972400782
0.00039170725799831773
-0.0007263015788684115
-0.00021228439660655465
0.00043666628141886027
0.00011421320408120479
-0.00011231455454520851
-0.00010943085685500039
-0.0002281425082753777
0.0001926442448126498
0.000547830231069592
-0.0003706626724565125
-0.0008235674651655533
0.00064277504457635
0.001029146476344548
-0.0009769239051240655
-0.0011254396389927385
0.0013607366927886643
0.0011169216840851016
-0.0017458579466414154
-0.0010041505747756968
0.0021139377004950975
0.0008027995668503198
-0.002445649059471282
-0.0005123406094521833
0.002717360455018137
0.00014387945960312834
-0.0029260662986349494
0.0002791325917851331
0.0030701741357772707
-0.0007180429936954493
-0.0031222637177327132
0.0011785578669942461
0.00309304606101814
-0.0016256145571845657
-0.0029845331098380537
0.0020555531208893566
0.0028144466759668124
-0.0024576909910262665
-0.0025937878165233227
0.0028278517704158086
0.0023319766353045927
-0.003186406451124624
-0.002022654758726613
0.0034946288476536457
0.0016561194233274364
-0.0037613456821553406
-0.0012377954108331753
0.00397005874597954
0.0007936330169712093
-0.004123730901730544
